"Plot Title: YB C"
"#","Date Time, GMT-07:00","Temp, °C (LGR S/N: 10485381, SEN S/N: 10485381)","Coupler Detached (LGR S/N: 10485381)","Coupler Attached (LGR S/N: 10485381)","Stopped (LGR S/N: 10485381)","End Of File (LGR S/N: 10485381)"
1,04/08/16 06:00:00 AM,16.487,Logged,,,
2,04/08/16 06:15:00 AM,14.816,,,,
3,04/08/16 06:30:00 AM,13.954,,,,
4,04/08/16 06:45:00 AM,13.401,,,,
5,04/08/16 07:00:00 AM,13.016,,,,
6,04/08/16 07:15:00 AM,12.727,,,,
7,04/08/16 07:30:00 AM,12.509,,,,
8,04/08/16 07:45:00 AM,12.340,,,,
9,04/08/16 08:00:00 AM,12.219,,,,
10,04/08/16 08:15:00 AM,12.147,,,,
11,04/08/16 08:30:00 AM,12.098,,,,
12,04/08/16 08:45:00 AM,12.050,,,,
13,04/08/16 09:00:00 AM,12.219,,,,
14,04/08/16 09:15:00 AM,12.389,,,,
15,04/08/16 09:30:00 AM,12.485,,,,
16,04/08/16 09:45:00 AM,12.558,,,,
17,04/08/16 10:00:00 AM,12.630,,,,
18,04/08/16 10:15:00 AM,12.678,,,,
19,04/08/16 10:30:00 AM,12.727,,,,
20,04/08/16 10:45:00 AM,12.823,,,,
21,04/08/16 11:00:00 AM,12.920,,,,
22,04/08/16 11:15:00 AM,14.026,,,,
23,04/08/16 11:30:00 AM,15.318,,,,
24,04/08/16 11:45:00 AM,16.320,,,,
25,04/08/16 12:00:00 PM,17.130,,,,
26,04/08/16 12:15:00 PM,17.748,,,,
27,04/08/16 12:30:00 PM,18.271,,,,
28,04/08/16 12:45:00 PM,18.699,,,,
29,04/08/16 01:00:00 PM,19.080,,,,
30,04/08/16 01:15:00 PM,19.365,,,,
31,04/08/16 01:30:00 PM,19.627,,,,
32,04/08/16 01:45:00 PM,19.865,,,,
33,04/08/16 02:00:00 PM,20.079,,,,
34,04/08/16 02:15:00 PM,20.246,,,,
35,04/08/16 02:30:00 PM,20.412,,,,
36,04/08/16 02:45:00 PM,20.555,,,,
37,04/08/16 03:00:00 PM,20.698,,,,
38,04/08/16 03:15:00 PM,20.817,,,,
39,04/08/16 03:30:00 PM,20.936,,,,
40,04/08/16 03:45:00 PM,21.032,,,,
41,04/08/16 04:00:00 PM,21.127,,,,
42,04/08/16 04:15:00 PM,21.223,,,,
43,04/08/16 04:30:00 PM,21.294,,,,
44,04/08/16 04:45:00 PM,21.342,,,,
45,04/08/16 05:00:00 PM,21.413,,,,
46,04/08/16 05:15:00 PM,21.461,,,,
47,04/08/16 05:30:00 PM,21.533,,,,
48,04/08/16 05:45:00 PM,21.581,,,,
49,04/08/16 06:00:00 PM,21.628,,,,
50,04/08/16 06:15:00 PM,21.676,,,,
51,04/08/16 06:30:00 PM,21.700,,,,
52,04/08/16 06:45:00 PM,21.724,,,,
53,04/08/16 07:00:00 PM,21.748,,,,
54,04/08/16 07:15:00 PM,21.748,,,,
55,04/08/16 07:30:00 PM,21.748,,,,
56,04/08/16 07:45:00 PM,21.724,,,,
57,04/08/16 08:00:00 PM,21.724,,,,
58,04/08/16 08:15:00 PM,21.700,,,,
59,04/08/16 08:30:00 PM,21.676,,,,
60,04/08/16 08:45:00 PM,21.652,,,,
61,04/08/16 09:00:00 PM,21.628,,,,
62,04/08/16 09:15:00 PM,21.604,,,,
63,04/08/16 09:30:00 PM,21.557,,,,
64,04/08/16 09:45:00 PM,21.533,,,,
65,04/08/16 10:00:00 PM,21.509,,,,
66,04/08/16 10:15:00 PM,21.485,,,,
67,04/08/16 10:30:00 PM,21.437,,,,
68,04/08/16 10:45:00 PM,21.413,,,,
69,04/08/16 11:00:00 PM,21.366,,,,
70,04/08/16 11:15:00 PM,21.342,,,,
71,04/08/16 11:30:00 PM,21.318,,,,
72,04/08/16 11:45:00 PM,21.270,,,,
73,04/09/16 12:00:00 AM,21.246,,,,
74,04/09/16 12:15:00 AM,21.223,,,,
75,04/09/16 12:30:00 AM,21.175,,,,
76,04/09/16 12:45:00 AM,21.151,,,,
77,04/09/16 01:00:00 AM,21.127,,,,
78,04/09/16 01:15:00 AM,21.103,,,,
79,04/09/16 01:30:00 AM,21.079,,,,
80,04/09/16 01:45:00 AM,21.079,,,,
81,04/09/16 02:00:00 AM,21.056,,,,
82,04/09/16 02:15:00 AM,21.032,,,,
83,04/09/16 02:30:00 AM,21.008,,,,
84,04/09/16 02:45:00 AM,21.008,,,,
85,04/09/16 03:00:00 AM,20.984,,,,
86,04/09/16 03:15:00 AM,20.984,,,,
87,04/09/16 03:30:00 AM,20.984,,,,
88,04/09/16 03:45:00 AM,20.960,,,,
89,04/09/16 04:00:00 AM,20.960,,,,
90,04/09/16 04:15:00 AM,20.936,,,,
91,04/09/16 04:30:00 AM,20.936,,,,
92,04/09/16 04:45:00 AM,20.936,,,,
93,04/09/16 05:00:00 AM,20.936,,,,
94,04/09/16 05:15:00 AM,20.913,,,,
95,04/09/16 05:30:00 AM,20.913,,,,
96,04/09/16 05:45:00 AM,20.913,,,,
97,04/09/16 06:00:00 AM,20.913,,,,
98,04/09/16 06:15:00 AM,20.913,,,,
99,04/09/16 06:30:00 AM,20.913,,,,
100,04/09/16 06:45:00 AM,20.913,,,,
101,04/09/16 07:00:00 AM,20.913,,,,
102,04/09/16 07:15:00 AM,20.913,,,,
103,04/09/16 07:30:00 AM,20.936,,,,
104,04/09/16 07:45:00 AM,20.936,,,,
105,04/09/16 08:00:00 AM,20.960,,,,
106,04/09/16 08:15:00 AM,20.984,,,,
107,04/09/16 08:30:00 AM,21.008,,,,
108,04/09/16 08:45:00 AM,21.032,,,,
109,04/09/16 09:00:00 AM,21.056,,,,
110,04/09/16 09:15:00 AM,21.079,,,,
111,04/09/16 09:30:00 AM,21.127,,,,
112,04/09/16 09:45:00 AM,21.151,,,,
113,04/09/16 10:00:00 AM,21.175,,,,
114,04/09/16 10:15:00 AM,21.223,,,,
115,04/09/16 10:30:00 AM,21.246,,,,
116,04/09/16 10:45:00 AM,21.270,,,,
117,04/09/16 11:00:00 AM,21.294,,,,
118,04/09/16 11:15:00 AM,21.342,,,,
119,04/09/16 11:30:00 AM,21.366,,,,
120,04/09/16 11:45:00 AM,21.390,,,,
121,04/09/16 12:00:00 PM,21.390,,,,
122,04/09/16 12:15:00 PM,21.413,,,,
123,04/09/16 12:30:00 PM,21.413,,,,
124,04/09/16 12:45:00 PM,21.413,,,,
125,04/09/16 01:00:00 PM,21.413,,,,
126,04/09/16 01:15:00 PM,21.390,,,,
127,04/09/16 01:30:00 PM,21.390,,,,
128,04/09/16 01:45:00 PM,21.390,,,,
129,04/09/16 02:00:00 PM,21.366,,,,
130,04/09/16 02:15:00 PM,21.366,,,,
131,04/09/16 02:30:00 PM,21.366,,,,
132,04/09/16 02:45:00 PM,21.366,,,,
133,04/09/16 03:00:00 PM,21.366,,,,
134,04/09/16 03:15:00 PM,21.366,,,,
135,04/09/16 03:30:00 PM,21.366,,,,
136,04/09/16 03:45:00 PM,21.366,,,,
137,04/09/16 04:00:00 PM,21.366,,,,
138,04/09/16 04:15:00 PM,21.366,,,,
139,04/09/16 04:30:00 PM,21.366,,,,
140,04/09/16 04:45:00 PM,21.390,,,,
141,04/09/16 05:00:00 PM,21.390,,,,
142,04/09/16 05:15:00 PM,21.390,,,,
143,04/09/16 05:30:00 PM,21.413,,,,
144,04/09/16 05:45:00 PM,21.413,,,,
145,04/09/16 06:00:00 PM,21.437,,,,
146,04/09/16 06:15:00 PM,21.437,,,,
147,04/09/16 06:30:00 PM,21.461,,,,
148,04/09/16 06:45:00 PM,21.461,,,,
149,04/09/16 07:00:00 PM,21.461,,,,
150,04/09/16 07:15:00 PM,21.461,,,,
151,04/09/16 07:30:00 PM,21.461,,,,
152,04/09/16 07:45:00 PM,21.461,,,,
153,04/09/16 08:00:00 PM,21.461,,,,
154,04/09/16 08:15:00 PM,21.437,,,,
155,04/09/16 08:30:00 PM,21.437,,,,
156,04/09/16 08:45:00 PM,21.437,,,,
157,04/09/16 09:00:00 PM,21.413,,,,
158,04/09/16 09:15:00 PM,21.413,,,,
159,04/09/16 09:30:00 PM,21.413,,,,
160,04/09/16 09:45:00 PM,21.390,,,,
161,04/09/16 10:00:00 PM,21.366,,,,
162,04/09/16 10:15:00 PM,21.366,,,,
163,04/09/16 10:30:00 PM,21.342,,,,
164,04/09/16 10:45:00 PM,21.318,,,,
165,04/09/16 11:00:00 PM,21.294,,,,
166,04/09/16 11:15:00 PM,21.270,,,,
167,04/09/16 11:30:00 PM,21.246,,,,
168,04/09/16 11:45:00 PM,21.223,,,,
169,04/10/16 12:00:00 AM,21.199,,,,
170,04/10/16 12:15:00 AM,21.175,,,,
171,04/10/16 12:30:00 AM,21.151,,,,
172,04/10/16 12:45:00 AM,21.127,,,,
173,04/10/16 01:00:00 AM,21.103,,,,
174,04/10/16 01:15:00 AM,21.079,,,,
175,04/10/16 01:30:00 AM,21.056,,,,
176,04/10/16 01:45:00 AM,21.032,,,,
177,04/10/16 02:00:00 AM,21.032,,,,
178,04/10/16 02:15:00 AM,21.008,,,,
179,04/10/16 02:30:00 AM,21.008,,,,
180,04/10/16 02:45:00 AM,20.984,,,,
181,04/10/16 03:00:00 AM,20.984,,,,
182,04/10/16 03:15:00 AM,20.960,,,,
183,04/10/16 03:30:00 AM,20.936,,,,
184,04/10/16 03:45:00 AM,20.936,,,,
185,04/10/16 04:00:00 AM,20.936,,,,
186,04/10/16 04:15:00 AM,20.913,,,,
187,04/10/16 04:30:00 AM,20.913,,,,
188,04/10/16 04:45:00 AM,20.889,,,,
189,04/10/16 05:00:00 AM,20.889,,,,
190,04/10/16 05:15:00 AM,20.865,,,,
191,04/10/16 05:30:00 AM,20.865,,,,
192,04/10/16 05:45:00 AM,20.841,,,,
193,04/10/16 06:00:00 AM,20.841,,,,
194,04/10/16 06:15:00 AM,20.841,,,,
195,04/10/16 06:30:00 AM,20.817,,,,
196,04/10/16 06:45:00 AM,20.817,,,,
197,04/10/16 07:00:00 AM,20.817,,,,
198,04/10/16 07:15:00 AM,20.817,,,,
199,04/10/16 07:30:00 AM,20.817,,,,
200,04/10/16 07:45:00 AM,20.817,,,,
201,04/10/16 08:00:00 AM,20.817,,,,
202,04/10/16 08:15:00 AM,20.841,,,,
203,04/10/16 08:30:00 AM,20.841,,,,
204,04/10/16 08:45:00 AM,20.865,,,,
205,04/10/16 09:00:00 AM,20.865,,,,
206,04/10/16 09:15:00 AM,20.865,,,,
207,04/10/16 09:30:00 AM,20.889,,,,
208,04/10/16 09:45:00 AM,20.889,,,,
209,04/10/16 10:00:00 AM,20.889,,,,
210,04/10/16 10:15:00 AM,20.913,,,,
211,04/10/16 10:30:00 AM,20.913,,,,
212,04/10/16 10:45:00 AM,20.936,,,,
213,04/10/16 11:00:00 AM,20.936,,,,
214,04/10/16 11:15:00 AM,20.960,,,,
215,04/10/16 11:30:00 AM,21.008,,,,
216,04/10/16 11:45:00 AM,21.032,,,,
217,04/10/16 12:00:00 PM,21.079,,,,
218,04/10/16 12:15:00 PM,21.127,,,,
219,04/10/16 12:30:00 PM,21.151,,,,
220,04/10/16 12:45:00 PM,21.199,,,,
221,04/10/16 01:00:00 PM,21.246,,,,
222,04/10/16 01:15:00 PM,21.294,,,,
223,04/10/16 01:30:00 PM,21.008,,,,
224,04/10/16 01:45:00 PM,20.674,,,,
225,04/10/16 02:00:00 PM,20.412,,,,
226,04/10/16 02:15:00 PM,20.198,,,,
227,04/10/16 02:30:00 PM,19.984,,,,
228,04/10/16 02:45:00 PM,19.770,,,,
229,04/10/16 03:00:00 PM,19.532,,,,
230,04/10/16 03:15:00 PM,19.341,,,,
231,04/10/16 03:30:00 PM,19.175,,,,
232,04/10/16 03:45:00 PM,19.032,,,,
233,04/10/16 04:00:00 PM,18.842,,,,
234,04/10/16 04:15:00 PM,18.699,,,,
235,04/10/16 04:30:00 PM,18.509,,,,
236,04/10/16 04:45:00 PM,18.343,,,,
237,04/10/16 05:00:00 PM,18.200,,,,
238,04/10/16 05:15:00 PM,18.033,,,,
239,04/10/16 05:30:00 PM,17.867,,,,
240,04/10/16 05:45:00 PM,17.724,,,,
241,04/10/16 06:00:00 PM,17.558,,,,
242,04/10/16 06:15:00 PM,17.439,,,,
243,04/10/16 06:30:00 PM,17.320,,,,
244,04/10/16 06:45:00 PM,17.201,,,,
245,04/10/16 07:00:00 PM,17.082,,,,
246,04/10/16 07:15:00 PM,16.939,,,,
247,04/10/16 07:30:00 PM,16.796,,,,
248,04/10/16 07:45:00 PM,16.630,,,,
249,04/10/16 08:00:00 PM,16.439,,,,
250,04/10/16 08:15:00 PM,16.225,,,,
251,04/10/16 08:30:00 PM,15.986,,,,
252,04/10/16 08:45:00 PM,15.724,,,,
253,04/10/16 09:00:00 PM,15.438,,,,
254,04/10/16 09:15:00 PM,15.151,,,,
255,04/10/16 09:30:00 PM,14.864,,,,
256,04/10/16 09:45:00 PM,14.577,,,,
257,04/10/16 10:00:00 PM,14.314,,,,
258,04/10/16 10:15:00 PM,14.026,,,,
259,04/10/16 10:30:00 PM,13.762,,,,
260,04/10/16 10:45:00 PM,13.522,,,,
261,04/10/16 11:00:00 PM,13.305,,,,
262,04/10/16 11:15:00 PM,13.088,,,,
263,04/10/16 11:30:00 PM,12.896,,,,
264,04/10/16 11:45:00 PM,12.727,,,,
265,04/11/16 12:00:00 AM,12.558,,,,
266,04/11/16 12:15:00 AM,12.389,,,,
267,04/11/16 12:30:00 AM,12.243,,,,
268,04/11/16 12:45:00 AM,12.098,,,,
269,04/11/16 01:00:00 AM,11.929,,,,
270,04/11/16 01:15:00 AM,11.783,,,,
271,04/11/16 01:30:00 AM,11.613,,,,
272,04/11/16 01:45:00 AM,11.467,,,,
273,04/11/16 02:00:00 AM,11.321,,,,
274,04/11/16 02:15:00 AM,11.151,,,,
275,04/11/16 02:30:00 AM,11.029,,,,
276,04/11/16 02:45:00 AM,10.883,,,,
277,04/11/16 03:00:00 AM,10.785,,,,
278,04/11/16 03:15:00 AM,10.687,,,,
279,04/11/16 03:30:00 AM,10.590,,,,
280,04/11/16 03:45:00 AM,10.516,,,,
281,04/11/16 04:00:00 AM,10.443,,,,
282,04/11/16 04:15:00 AM,10.394,,,,
283,04/11/16 04:30:00 AM,10.320,,,,
284,04/11/16 04:45:00 AM,10.271,,,,
285,04/11/16 05:00:00 AM,10.247,,,,
286,04/11/16 05:15:00 AM,10.149,,,,
287,04/11/16 05:30:00 AM,10.100,,,,
288,04/11/16 05:45:00 AM,10.198,,,,
289,04/11/16 06:00:00 AM,10.443,,,,
290,04/11/16 06:15:00 AM,10.638,,,,
291,04/11/16 06:30:00 AM,10.858,,,,
292,04/11/16 06:45:00 AM,11.078,,,,
293,04/11/16 07:00:00 AM,11.127,,,,
294,04/11/16 07:15:00 AM,10.932,,,,
295,04/11/16 07:30:00 AM,10.761,,,,
296,04/11/16 07:45:00 AM,10.638,,,,
297,04/11/16 08:00:00 AM,10.565,,,,
298,04/11/16 08:15:00 AM,10.541,,,,
299,04/11/16 08:30:00 AM,11.346,,,,
300,04/11/16 08:45:00 AM,11.880,,,,
301,04/11/16 09:00:00 AM,13.786,,,,
302,04/11/16 09:15:00 AM,12.896,,,,
303,04/11/16 09:30:00 AM,12.823,,,,
304,04/11/16 09:45:00 AM,11.904,,,,
305,04/11/16 10:00:00 AM,12.461,,,,
306,04/11/16 10:15:00 AM,13.738,,,,
307,04/11/16 10:30:00 AM,14.481,,,,
308,04/11/16 10:45:00 AM,14.361,,,,
309,04/11/16 11:00:00 AM,14.266,,,,
310,04/11/16 11:15:00 AM,14.290,,,,
311,04/11/16 11:30:00 AM,14.337,,,,
312,04/11/16 11:45:00 AM,13.882,,,,
313,04/11/16 12:00:00 PM,14.002,,,,
314,04/11/16 12:15:00 PM,12.558,,,,
315,04/11/16 12:30:00 PM,12.171,,,,
316,04/11/16 12:45:00 PM,12.316,,,,
317,04/11/16 01:00:00 PM,12.147,,,,
318,04/11/16 01:15:00 PM,11.880,,,,
319,04/11/16 01:30:00 PM,11.783,,,,
320,04/11/16 01:45:00 PM,12.001,,,,
321,04/11/16 02:00:00 PM,11.734,,,,
322,04/11/16 02:15:00 PM,11.734,,,,
323,04/11/16 02:30:00 PM,11.710,,,,
324,04/11/16 02:45:00 PM,11.783,,,,
325,04/11/16 03:00:00 PM,11.783,,,,
326,04/11/16 03:15:00 PM,11.759,,,,
327,04/11/16 03:30:00 PM,11.734,,,,
328,04/11/16 03:45:00 PM,11.710,,,,
329,04/11/16 04:00:00 PM,11.734,,,,
330,04/11/16 04:15:00 PM,11.759,,,,
331,04/11/16 04:30:00 PM,11.710,,,,
332,04/11/16 04:45:00 PM,11.734,,,,
333,04/11/16 05:00:00 PM,11.686,,,,
334,04/11/16 05:15:00 PM,11.710,,,,
335,04/11/16 05:30:00 PM,11.710,,,,
336,04/11/16 05:45:00 PM,11.686,,,,
337,04/11/16 06:00:00 PM,11.710,,,,
338,04/11/16 06:15:00 PM,11.662,,,,
339,04/11/16 06:30:00 PM,11.662,,,,
340,04/11/16 06:45:00 PM,11.686,,,,
341,04/11/16 07:00:00 PM,11.686,,,,
342,04/11/16 07:15:00 PM,11.637,,,,
343,04/11/16 07:30:00 PM,11.589,,,,
344,04/11/16 07:45:00 PM,11.565,,,,
345,04/11/16 08:00:00 PM,11.467,,,,
346,04/11/16 08:15:00 PM,11.394,,,,
347,04/11/16 08:30:00 PM,11.370,,,,
348,04/11/16 08:45:00 PM,11.346,,,,
349,04/11/16 09:00:00 PM,11.370,,,,
350,04/11/16 09:15:00 PM,11.297,,,,
351,04/11/16 09:30:00 PM,11.175,,,,
352,04/11/16 09:45:00 PM,11.273,,,,
353,04/11/16 10:00:00 PM,11.175,,,,
354,04/11/16 10:15:00 PM,11.248,,,,
355,04/11/16 10:30:00 PM,11.224,,,,
356,04/11/16 10:45:00 PM,11.224,,,,
357,04/11/16 11:00:00 PM,11.175,,,,
358,04/11/16 11:15:00 PM,11.151,,,,
359,04/11/16 11:30:00 PM,11.151,,,,
360,04/11/16 11:45:00 PM,11.127,,,,
361,04/12/16 12:00:00 AM,11.151,,,,
362,04/12/16 12:15:00 AM,11.151,,,,
363,04/12/16 12:30:00 AM,11.200,,,,
364,04/12/16 12:45:00 AM,11.200,,,,
365,04/12/16 01:00:00 AM,11.175,,,,
366,04/12/16 01:15:00 AM,11.175,,,,
367,04/12/16 01:30:00 AM,11.175,,,,
368,04/12/16 01:45:00 AM,11.200,,,,
369,04/12/16 02:00:00 AM,11.224,,,,
370,04/12/16 02:15:00 AM,11.248,,,,
371,04/12/16 02:30:00 AM,11.224,,,,
372,04/12/16 02:45:00 AM,11.224,,,,
373,04/12/16 03:00:00 AM,11.224,,,,
374,04/12/16 03:15:00 AM,11.224,,,,
375,04/12/16 03:30:00 AM,11.224,,,,
376,04/12/16 03:45:00 AM,11.224,,,,
377,04/12/16 04:00:00 AM,11.224,,,,
378,04/12/16 04:15:00 AM,11.224,,,,
379,04/12/16 04:30:00 AM,11.224,,,,
380,04/12/16 04:45:00 AM,11.224,,,,
381,04/12/16 05:00:00 AM,11.224,,,,
382,04/12/16 05:15:00 AM,11.200,,,,
383,04/12/16 05:30:00 AM,11.200,,,,
384,04/12/16 05:45:00 AM,11.224,,,,
385,04/12/16 06:00:00 AM,11.224,,,,
386,04/12/16 06:15:00 AM,11.224,,,,
387,04/12/16 06:30:00 AM,11.224,,,,
388,04/12/16 06:45:00 AM,11.200,,,,
389,04/12/16 07:00:00 AM,11.200,,,,
390,04/12/16 07:15:00 AM,11.175,,,,
391,04/12/16 07:30:00 AM,11.200,,,,
392,04/12/16 07:45:00 AM,11.102,,,,
393,04/12/16 08:00:00 AM,11.151,,,,
394,04/12/16 08:15:00 AM,11.175,,,,
395,04/12/16 08:30:00 AM,11.370,,,,
396,04/12/16 08:45:00 AM,11.175,,,,
397,04/12/16 09:00:00 AM,11.127,,,,
398,04/12/16 09:15:00 AM,11.053,,,,
399,04/12/16 09:30:00 AM,11.029,,,,
400,04/12/16 09:45:00 AM,11.200,,,,
401,04/12/16 10:00:00 AM,11.613,,,,
402,04/12/16 10:15:00 AM,11.953,,,,
403,04/12/16 10:30:00 AM,12.074,,,,
404,04/12/16 10:45:00 AM,12.582,,,,
405,04/12/16 11:00:00 AM,14.505,,,,
406,04/12/16 11:15:00 AM,13.353,,,,
407,04/12/16 11:30:00 AM,12.703,,,,
408,04/12/16 11:45:00 AM,12.920,,,,
409,04/12/16 12:00:00 PM,13.546,,,,
410,04/12/16 12:15:00 PM,13.305,,,,
411,04/12/16 12:30:00 PM,13.425,,,,
412,04/12/16 12:45:00 PM,13.233,,,,
413,04/12/16 01:00:00 PM,13.377,,,,
414,04/12/16 01:15:00 PM,13.064,,,,
415,04/12/16 01:30:00 PM,13.377,,,,
416,04/12/16 01:45:00 PM,12.703,,,,
417,04/12/16 02:00:00 PM,12.413,,,,
418,04/12/16 02:15:00 PM,12.485,,,,
419,04/12/16 02:30:00 PM,12.389,,,,
420,04/12/16 02:45:00 PM,12.243,,,,
421,04/12/16 03:00:00 PM,12.340,,,,
422,04/12/16 03:15:00 PM,12.243,,,,
423,04/12/16 03:30:00 PM,12.243,,,,
424,04/12/16 03:45:00 PM,12.219,,,,
425,04/12/16 04:00:00 PM,12.195,,,,
426,04/12/16 04:15:00 PM,12.195,,,,
427,04/12/16 04:30:00 PM,12.195,,,,
428,04/12/16 04:45:00 PM,12.147,,,,
429,04/12/16 05:00:00 PM,12.122,,,,
430,04/12/16 05:15:00 PM,12.074,,,,
431,04/12/16 05:30:00 PM,12.025,,,,
432,04/12/16 05:45:00 PM,12.001,,,,
433,04/12/16 06:00:00 PM,12.001,,,,
434,04/12/16 06:15:00 PM,12.025,,,,
435,04/12/16 06:30:00 PM,12.025,,,,
436,04/12/16 06:45:00 PM,12.001,,,,
437,04/12/16 07:00:00 PM,12.001,,,,
438,04/12/16 07:15:00 PM,12.001,,,,
439,04/12/16 07:30:00 PM,12.001,,,,
440,04/12/16 07:45:00 PM,11.977,,,,
441,04/12/16 08:00:00 PM,11.953,,,,
442,04/12/16 08:15:00 PM,11.929,,,,
443,04/12/16 08:30:00 PM,11.929,,,,
444,04/12/16 08:45:00 PM,11.904,,,,
445,04/12/16 09:00:00 PM,11.904,,,,
446,04/12/16 09:15:00 PM,11.904,,,,
447,04/12/16 09:30:00 PM,11.880,,,,
448,04/12/16 09:45:00 PM,11.880,,,,
449,04/12/16 10:00:00 PM,11.880,,,,
450,04/12/16 10:15:00 PM,11.832,,,,
451,04/12/16 10:30:00 PM,11.856,,,,
452,04/12/16 10:45:00 PM,11.856,,,,
453,04/12/16 11:00:00 PM,11.856,,,,
454,04/12/16 11:15:00 PM,11.832,,,,
455,04/12/16 11:30:00 PM,11.783,,,,
456,04/12/16 11:45:00 PM,11.880,,,,
457,04/13/16 12:00:00 AM,11.856,,,,
458,04/13/16 12:15:00 AM,11.904,,,,
459,04/13/16 12:30:00 AM,11.929,,,,
460,04/13/16 12:45:00 AM,11.953,,,,
461,04/13/16 01:00:00 AM,11.953,,,,
462,04/13/16 01:15:00 AM,11.977,,,,
463,04/13/16 01:30:00 AM,11.977,,,,
464,04/13/16 01:45:00 AM,11.953,,,,
465,04/13/16 02:00:00 AM,11.953,,,,
466,04/13/16 02:15:00 AM,11.977,,,,
467,04/13/16 02:30:00 AM,11.977,,,,
468,04/13/16 02:45:00 AM,11.977,,,,
469,04/13/16 03:00:00 AM,11.953,,,,
470,04/13/16 03:15:00 AM,11.929,,,,
471,04/13/16 03:30:00 AM,11.929,,,,
472,04/13/16 03:45:00 AM,11.929,,,,
473,04/13/16 04:00:00 AM,11.904,,,,
474,04/13/16 04:15:00 AM,11.856,,,,
475,04/13/16 04:30:00 AM,11.856,,,,
476,04/13/16 04:45:00 AM,11.856,,,,
477,04/13/16 05:00:00 AM,11.832,,,,
478,04/13/16 05:15:00 AM,11.832,,,,
479,04/13/16 05:30:00 AM,11.856,,,,
480,04/13/16 05:45:00 AM,11.832,,,,
481,04/13/16 06:00:00 AM,11.759,,,,
482,04/13/16 06:15:00 AM,11.759,,,,
483,04/13/16 06:30:00 AM,11.759,,,,
484,04/13/16 06:45:00 AM,11.734,,,,
485,04/13/16 07:00:00 AM,11.759,,,,
486,04/13/16 07:15:00 AM,11.759,,,,
487,04/13/16 07:30:00 AM,11.783,,,,
488,04/13/16 07:45:00 AM,11.807,,,,
489,04/13/16 08:00:00 AM,11.807,,,,
490,04/13/16 08:15:00 AM,11.783,,,,
491,04/13/16 08:30:00 AM,11.807,,,,
492,04/13/16 08:45:00 AM,11.880,,,,
493,04/13/16 09:00:00 AM,11.977,,,,
494,04/13/16 09:15:00 AM,12.074,,,,
495,04/13/16 09:30:00 AM,12.050,,,,
496,04/13/16 09:45:00 AM,12.195,,,,
497,04/13/16 10:00:00 AM,11.832,,,,
498,04/13/16 10:15:00 AM,11.686,,,,
499,04/13/16 10:30:00 AM,11.613,,,,
500,04/13/16 10:45:00 AM,11.151,,,,
501,04/13/16 11:00:00 AM,11.759,,,,
502,04/13/16 11:15:00 AM,12.534,,,,
503,04/13/16 11:30:00 AM,13.161,,,,
504,04/13/16 11:45:00 AM,13.305,,,,
505,04/13/16 12:00:00 PM,12.509,,,,
506,04/13/16 12:15:00 PM,13.618,,,,
507,04/13/16 12:30:00 PM,13.762,,,,
508,04/13/16 12:45:00 PM,14.361,,,,
509,04/13/16 01:00:00 PM,14.314,,,,
510,04/13/16 01:15:00 PM,15.151,,,,
511,04/13/16 01:30:00 PM,13.738,,,,
512,04/13/16 01:45:00 PM,14.457,,,,
513,04/13/16 02:00:00 PM,13.016,,,,
514,04/13/16 02:15:00 PM,12.292,,,,
515,04/13/16 02:30:00 PM,12.268,,,,
516,04/13/16 02:45:00 PM,12.219,,,,
517,04/13/16 03:00:00 PM,12.074,,,,
518,04/13/16 03:15:00 PM,12.050,,,,
519,04/13/16 03:30:00 PM,12.001,,,,
520,04/13/16 03:45:00 PM,12.001,,,,
521,04/13/16 04:00:00 PM,11.953,,,,
522,04/13/16 04:15:00 PM,11.953,,,,
523,04/13/16 04:30:00 PM,11.953,,,,
524,04/13/16 04:45:00 PM,11.953,,,,
525,04/13/16 05:00:00 PM,11.953,,,,
526,04/13/16 05:15:00 PM,11.953,,,,
527,04/13/16 05:30:00 PM,11.953,,,,
528,04/13/16 05:45:00 PM,11.953,,,,
529,04/13/16 06:00:00 PM,11.977,,,,
530,04/13/16 06:15:00 PM,11.977,,,,
531,04/13/16 06:30:00 PM,11.977,,,,
532,04/13/16 06:45:00 PM,11.953,,,,
533,04/13/16 07:00:00 PM,11.953,,,,
534,04/13/16 07:15:00 PM,11.953,,,,
535,04/13/16 07:30:00 PM,11.929,,,,
536,04/13/16 07:45:00 PM,11.929,,,,
537,04/13/16 08:00:00 PM,11.929,,,,
538,04/13/16 08:15:00 PM,11.904,,,,
539,04/13/16 08:30:00 PM,11.929,,,,
540,04/13/16 08:45:00 PM,11.904,,,,
541,04/13/16 09:00:00 PM,11.904,,,,
542,04/13/16 09:15:00 PM,11.880,,,,
543,04/13/16 09:30:00 PM,11.856,,,,
544,04/13/16 09:45:00 PM,11.856,,,,
545,04/13/16 10:00:00 PM,11.832,,,,
546,04/13/16 10:15:00 PM,11.832,,,,
547,04/13/16 10:30:00 PM,11.807,,,,
548,04/13/16 10:45:00 PM,11.783,,,,
549,04/13/16 11:00:00 PM,11.783,,,,
550,04/13/16 11:15:00 PM,11.759,,,,
551,04/13/16 11:30:00 PM,11.759,,,,
552,04/13/16 11:45:00 PM,11.759,,,,
553,04/14/16 12:00:00 AM,11.734,,,,
554,04/14/16 12:15:00 AM,11.710,,,,
555,04/14/16 12:30:00 AM,11.759,,,,
556,04/14/16 12:45:00 AM,11.759,,,,
557,04/14/16 01:00:00 AM,11.759,,,,
558,04/14/16 01:15:00 AM,11.759,,,,
559,04/14/16 01:30:00 AM,11.759,,,,
560,04/14/16 01:45:00 AM,11.734,,,,
561,04/14/16 02:00:00 AM,11.734,,,,
562,04/14/16 02:15:00 AM,11.759,,,,
563,04/14/16 02:30:00 AM,11.759,,,,
564,04/14/16 02:45:00 AM,11.734,,,,
565,04/14/16 03:00:00 AM,11.734,,,,
566,04/14/16 03:15:00 AM,11.759,,,,
567,04/14/16 03:30:00 AM,11.759,,,,
568,04/14/16 03:45:00 AM,11.759,,,,
569,04/14/16 04:00:00 AM,11.759,,,,
570,04/14/16 04:15:00 AM,11.783,,,,
571,04/14/16 04:30:00 AM,11.759,,,,
572,04/14/16 04:45:00 AM,11.783,,,,
573,04/14/16 05:00:00 AM,11.783,,,,
574,04/14/16 05:15:00 AM,11.807,,,,
575,04/14/16 05:30:00 AM,11.807,,,,
576,04/14/16 05:45:00 AM,11.807,,,,
577,04/14/16 06:00:00 AM,11.807,,,,
578,04/14/16 06:15:00 AM,11.807,,,,
579,04/14/16 06:30:00 AM,11.832,,,,
580,04/14/16 06:45:00 AM,11.856,,,,
581,04/14/16 07:00:00 AM,11.856,,,,
582,04/14/16 07:15:00 AM,11.880,,,,
583,04/14/16 07:30:00 AM,11.880,,,,
584,04/14/16 07:45:00 AM,11.880,,,,
585,04/14/16 08:00:00 AM,11.904,,,,
586,04/14/16 08:15:00 AM,11.904,,,,
587,04/14/16 08:30:00 AM,11.953,,,,
588,04/14/16 08:45:00 AM,11.929,,,,
589,04/14/16 09:00:00 AM,11.977,,,,
590,04/14/16 09:15:00 AM,12.025,,,,
591,04/14/16 09:30:00 AM,12.001,,,,
592,04/14/16 09:45:00 AM,12.001,,,,
593,04/14/16 10:00:00 AM,12.025,,,,
594,04/14/16 10:15:00 AM,12.025,,,,
595,04/14/16 10:30:00 AM,12.025,,,,
596,04/14/16 10:45:00 AM,12.001,,,,
597,04/14/16 11:00:00 AM,12.025,,,,
598,04/14/16 11:15:00 AM,12.098,,,,
599,04/14/16 11:30:00 AM,12.219,,,,
600,04/14/16 11:45:00 AM,12.122,,,,
601,04/14/16 12:00:00 PM,12.171,,,,
602,04/14/16 12:15:00 PM,11.637,,,,
603,04/14/16 12:30:00 PM,12.147,,,,
604,04/14/16 12:45:00 PM,12.001,,,,
605,04/14/16 01:00:00 PM,12.074,,,,
606,04/14/16 01:15:00 PM,12.437,,,,
607,04/14/16 01:30:00 PM,13.185,,,,
608,04/14/16 01:45:00 PM,12.799,,,,
609,04/14/16 02:00:00 PM,12.413,,,,
610,04/14/16 02:15:00 PM,12.268,,,,
611,04/14/16 02:30:00 PM,12.896,,,,
612,04/14/16 02:45:00 PM,12.050,,,,
613,04/14/16 03:00:00 PM,12.389,,,,
614,04/14/16 03:15:00 PM,12.195,,,,
615,04/14/16 03:30:00 PM,12.292,,,,
616,04/14/16 03:45:00 PM,12.268,,,,
617,04/14/16 04:00:00 PM,12.219,,,,
618,04/14/16 04:15:00 PM,12.340,,,,
619,04/14/16 04:30:00 PM,12.413,,,,
620,04/14/16 04:45:00 PM,12.316,,,,
621,04/14/16 05:00:00 PM,12.461,,,,
622,04/14/16 05:15:00 PM,12.292,,,,
623,04/14/16 05:30:00 PM,12.243,,,,
624,04/14/16 05:45:00 PM,12.243,,,,
625,04/14/16 06:00:00 PM,12.243,,,,
626,04/14/16 06:15:00 PM,12.292,,,,
627,04/14/16 06:30:00 PM,12.268,,,,
628,04/14/16 06:45:00 PM,12.243,,,,
629,04/14/16 07:00:00 PM,12.243,,,,
630,04/14/16 07:15:00 PM,12.243,,,,
631,04/14/16 07:30:00 PM,12.243,,,,
632,04/14/16 07:45:00 PM,12.219,,,,
633,04/14/16 08:00:00 PM,12.219,,,,
634,04/14/16 08:15:00 PM,12.219,,,,
635,04/14/16 08:30:00 PM,12.219,,,,
636,04/14/16 08:45:00 PM,12.219,,,,
637,04/14/16 09:00:00 PM,12.243,,,,
638,04/14/16 09:15:00 PM,12.219,,,,
639,04/14/16 09:30:00 PM,12.219,,,,
640,04/14/16 09:45:00 PM,12.219,,,,
641,04/14/16 10:00:00 PM,12.195,,,,
642,04/14/16 10:15:00 PM,12.195,,,,
643,04/14/16 10:30:00 PM,12.195,,,,
644,04/14/16 10:45:00 PM,12.195,,,,
645,04/14/16 11:00:00 PM,12.195,,,,
646,04/14/16 11:15:00 PM,12.195,,,,
647,04/14/16 11:30:00 PM,12.195,,,,
648,04/14/16 11:45:00 PM,12.171,,,,
649,04/15/16 12:00:00 AM,12.171,,,,
650,04/15/16 12:15:00 AM,12.147,,,,
651,04/15/16 12:30:00 AM,12.147,,,,
652,04/15/16 12:45:00 AM,12.171,,,,
653,04/15/16 01:00:00 AM,12.147,,,,
654,04/15/16 01:15:00 AM,12.147,,,,
655,04/15/16 01:30:00 AM,12.147,,,,
656,04/15/16 01:45:00 AM,12.147,,,,
657,04/15/16 02:00:00 AM,12.122,,,,
658,04/15/16 02:15:00 AM,12.122,,,,
659,04/15/16 02:30:00 AM,12.122,,,,
660,04/15/16 02:45:00 AM,12.122,,,,
661,04/15/16 03:00:00 AM,12.122,,,,
662,04/15/16 03:15:00 AM,12.122,,,,
663,04/15/16 03:30:00 AM,12.122,,,,
664,04/15/16 03:45:00 AM,12.098,,,,
665,04/15/16 04:00:00 AM,12.098,,,,
666,04/15/16 04:15:00 AM,12.098,,,,
667,04/15/16 04:30:00 AM,12.122,,,,
668,04/15/16 04:45:00 AM,12.098,,,,
669,04/15/16 05:00:00 AM,12.098,,,,
670,04/15/16 05:15:00 AM,12.098,,,,
671,04/15/16 05:30:00 AM,12.074,,,,
672,04/15/16 05:45:00 AM,12.074,,,,
673,04/15/16 06:00:00 AM,12.050,,,,
674,04/15/16 06:15:00 AM,12.050,,,,
675,04/15/16 06:30:00 AM,12.050,,,,
676,04/15/16 06:45:00 AM,12.050,,,,
677,04/15/16 07:00:00 AM,12.050,,,,
678,04/15/16 07:15:00 AM,12.050,,,,
679,04/15/16 07:30:00 AM,12.074,,,,
680,04/15/16 07:45:00 AM,12.098,,,,
681,04/15/16 08:00:00 AM,12.122,,,,
682,04/15/16 08:15:00 AM,12.147,,,,
683,04/15/16 08:30:00 AM,12.147,,,,
684,04/15/16 08:45:00 AM,12.171,,,,
685,04/15/16 09:00:00 AM,12.195,,,,
686,04/15/16 09:15:00 AM,12.219,,,,
687,04/15/16 09:30:00 AM,12.268,,,,
688,04/15/16 09:45:00 AM,12.292,,,,
689,04/15/16 10:00:00 AM,12.340,,,,
690,04/15/16 10:15:00 AM,12.389,,,,
691,04/15/16 10:30:00 AM,12.437,,,,
692,04/15/16 10:45:00 AM,12.485,,,,
693,04/15/16 11:00:00 AM,12.654,,,,
694,04/15/16 11:15:00 AM,12.727,,,,
695,04/15/16 11:30:00 AM,12.630,,,,
696,04/15/16 11:45:00 AM,12.871,,,,
697,04/15/16 12:00:00 PM,12.823,,,,
698,04/15/16 12:15:00 PM,13.088,,,,
699,04/15/16 12:30:00 PM,13.449,,,,
700,04/15/16 12:45:00 PM,13.305,,,,
701,04/15/16 01:00:00 PM,15.103,,,,
702,04/15/16 01:15:00 PM,15.605,,,,
703,04/15/16 01:30:00 PM,16.201,,,,
704,04/15/16 01:45:00 PM,15.175,,,,
705,04/15/16 02:00:00 PM,15.819,,,,
706,04/15/16 02:15:00 PM,15.366,,,,
707,04/15/16 02:30:00 PM,14.864,,,,
708,04/15/16 02:45:00 PM,13.690,,,,
709,04/15/16 03:00:00 PM,14.122,,,,
710,04/15/16 03:15:00 PM,14.385,,,,
711,04/15/16 03:30:00 PM,14.122,,,,
712,04/15/16 03:45:00 PM,13.738,,,,
713,04/15/16 04:00:00 PM,13.305,,,,
714,04/15/16 04:15:00 PM,13.594,,,,
715,04/15/16 04:30:00 PM,12.775,,,,
716,04/15/16 04:45:00 PM,12.775,,,,
717,04/15/16 05:00:00 PM,12.992,,,,
718,04/15/16 05:15:00 PM,12.775,,,,
719,04/15/16 05:30:00 PM,12.703,,,,
720,04/15/16 05:45:00 PM,12.558,,,,
721,04/15/16 06:00:00 PM,12.558,,,,
722,04/15/16 06:15:00 PM,12.558,,,,
723,04/15/16 06:30:00 PM,12.582,,,,
724,04/15/16 06:45:00 PM,12.630,,,,
725,04/15/16 07:00:00 PM,12.630,,,,
726,04/15/16 07:15:00 PM,12.606,,,,
727,04/15/16 07:30:00 PM,12.582,,,,
728,04/15/16 07:45:00 PM,12.582,,,,
729,04/15/16 08:00:00 PM,12.582,,,,
730,04/15/16 08:15:00 PM,12.606,,,,
731,04/15/16 08:30:00 PM,12.606,,,,
732,04/15/16 08:45:00 PM,12.582,,,,
733,04/15/16 09:00:00 PM,12.582,,,,
734,04/15/16 09:15:00 PM,12.582,,,,
735,04/15/16 09:30:00 PM,12.582,,,,
736,04/15/16 09:45:00 PM,12.558,,,,
737,04/15/16 10:00:00 PM,12.534,,,,
738,04/15/16 10:15:00 PM,12.485,,,,
739,04/15/16 10:30:00 PM,12.437,,,,
740,04/15/16 10:45:00 PM,12.413,,,,
741,04/15/16 11:00:00 PM,12.389,,,,
742,04/15/16 11:15:00 PM,12.389,,,,
743,04/15/16 11:30:00 PM,12.364,,,,
744,04/15/16 11:45:00 PM,12.340,,,,
745,04/16/16 12:00:00 AM,12.316,,,,
746,04/16/16 12:15:00 AM,12.316,,,,
747,04/16/16 12:30:00 AM,12.292,,,,
748,04/16/16 12:45:00 AM,12.292,,,,
749,04/16/16 01:00:00 AM,12.243,,,,
750,04/16/16 01:15:00 AM,12.268,,,,
751,04/16/16 01:30:00 AM,12.195,,,,
752,04/16/16 01:45:00 AM,12.195,,,,
753,04/16/16 02:00:00 AM,12.171,,,,
754,04/16/16 02:15:00 AM,12.171,,,,
755,04/16/16 02:30:00 AM,12.147,,,,
756,04/16/16 02:45:00 AM,12.074,,,,
757,04/16/16 03:00:00 AM,11.880,,,,
758,04/16/16 03:15:00 AM,12.098,,,,
759,04/16/16 03:30:00 AM,12.001,,,,
760,04/16/16 03:45:00 AM,11.977,,,,
761,04/16/16 04:00:00 AM,12.001,,,,
762,04/16/16 04:15:00 AM,11.977,,,,
763,04/16/16 04:30:00 AM,12.074,,,,
764,04/16/16 04:45:00 AM,12.122,,,,
765,04/16/16 05:00:00 AM,12.098,,,,
766,04/16/16 05:15:00 AM,12.098,,,,
767,04/16/16 05:30:00 AM,12.074,,,,
768,04/16/16 05:45:00 AM,12.098,,,,
769,04/16/16 06:00:00 AM,12.074,,,,
770,04/16/16 06:15:00 AM,12.098,,,,
771,04/16/16 06:30:00 AM,12.098,,,,
772,04/16/16 06:45:00 AM,12.098,,,,
773,04/16/16 07:00:00 AM,12.098,,,,
774,04/16/16 07:15:00 AM,12.098,,,,
775,04/16/16 07:30:00 AM,12.122,,,,
776,04/16/16 07:45:00 AM,12.122,,,,
777,04/16/16 08:00:00 AM,12.122,,,,
778,04/16/16 08:15:00 AM,12.147,,,,
779,04/16/16 08:30:00 AM,12.147,,,,
780,04/16/16 08:45:00 AM,12.171,,,,
781,04/16/16 09:00:00 AM,12.219,,,,
782,04/16/16 09:15:00 AM,12.268,,,,
783,04/16/16 09:30:00 AM,12.292,,,,
784,04/16/16 09:45:00 AM,12.364,,,,
785,04/16/16 10:00:00 AM,12.413,,,,
786,04/16/16 10:15:00 AM,12.509,,,,
787,04/16/16 10:30:00 AM,12.558,,,,
788,04/16/16 10:45:00 AM,12.582,,,,
789,04/16/16 11:00:00 AM,12.558,,,,
790,04/16/16 11:15:00 AM,12.823,,,,
791,04/16/16 11:30:00 AM,12.775,,,,
792,04/16/16 11:45:00 AM,12.992,,,,
793,04/16/16 12:00:00 PM,12.847,,,,
794,04/16/16 12:15:00 PM,12.920,,,,
795,04/16/16 12:30:00 PM,12.799,,,,
796,04/16/16 12:45:00 PM,12.896,,,,
797,04/16/16 01:00:00 PM,12.871,,,,
798,04/16/16 01:15:00 PM,13.281,,,,
799,04/16/16 01:30:00 PM,13.762,,,,
800,04/16/16 01:45:00 PM,13.449,,,,
801,04/16/16 02:00:00 PM,14.481,,,,
802,04/16/16 02:15:00 PM,14.481,,,,
803,04/16/16 02:30:00 PM,15.127,,,,
804,04/16/16 02:45:00 PM,15.366,,,,
805,04/16/16 03:00:00 PM,15.366,,,,
806,04/16/16 03:15:00 PM,15.748,,,,
807,04/16/16 03:30:00 PM,15.557,,,,
808,04/16/16 03:45:00 PM,14.936,,,,
809,04/16/16 04:00:00 PM,14.864,,,,
810,04/16/16 04:15:00 PM,14.433,,,,
811,04/16/16 04:30:00 PM,14.242,,,,
812,04/16/16 04:45:00 PM,14.002,,,,
813,04/16/16 05:00:00 PM,13.690,,,,
814,04/16/16 05:15:00 PM,13.810,,,,
815,04/16/16 05:30:00 PM,13.137,,,,
816,04/16/16 05:45:00 PM,12.871,,,,
817,04/16/16 06:00:00 PM,12.775,,,,
818,04/16/16 06:15:00 PM,12.727,,,,
819,04/16/16 06:30:00 PM,12.678,,,,
820,04/16/16 06:45:00 PM,12.654,,,,
821,04/16/16 07:00:00 PM,12.630,,,,
822,04/16/16 07:15:00 PM,12.606,,,,
823,04/16/16 07:30:00 PM,12.582,,,,
824,04/16/16 07:45:00 PM,12.558,,,,
825,04/16/16 08:00:00 PM,12.534,,,,
826,04/16/16 08:15:00 PM,12.534,,,,
827,04/16/16 08:30:00 PM,12.534,,,,
828,04/16/16 08:45:00 PM,12.534,,,,
829,04/16/16 09:00:00 PM,12.485,,,,
830,04/16/16 09:15:00 PM,12.437,,,,
831,04/16/16 09:30:00 PM,12.437,,,,
832,04/16/16 09:45:00 PM,12.413,,,,
833,04/16/16 10:00:00 PM,12.413,,,,
834,04/16/16 10:15:00 PM,12.389,,,,
835,04/16/16 10:30:00 PM,12.389,,,,
836,04/16/16 10:45:00 PM,12.389,,,,
837,04/16/16 11:00:00 PM,12.364,,,,
838,04/16/16 11:15:00 PM,12.340,,,,
839,04/16/16 11:30:00 PM,12.340,,,,
840,04/16/16 11:45:00 PM,12.340,,,,
841,04/17/16 12:00:00 AM,12.316,,,,
842,04/17/16 12:15:00 AM,12.292,,,,
843,04/17/16 12:30:00 AM,12.268,,,,
844,04/17/16 12:45:00 AM,12.268,,,,
845,04/17/16 01:00:00 AM,12.243,,,,
846,04/17/16 01:15:00 AM,12.243,,,,
847,04/17/16 01:30:00 AM,12.243,,,,
848,04/17/16 01:45:00 AM,12.243,,,,
849,04/17/16 02:00:00 AM,12.243,,,,
850,04/17/16 02:15:00 AM,12.195,,,,
851,04/17/16 02:30:00 AM,12.195,,,,
852,04/17/16 02:45:00 AM,12.195,,,,
853,04/17/16 03:00:00 AM,12.171,,,,
854,04/17/16 03:15:00 AM,12.147,,,,
855,04/17/16 03:30:00 AM,12.001,,,,
856,04/17/16 03:45:00 AM,12.025,,,,
857,04/17/16 04:00:00 AM,12.122,,,,
858,04/17/16 04:15:00 AM,12.171,,,,
859,04/17/16 04:30:00 AM,12.122,,,,
860,04/17/16 04:45:00 AM,12.147,,,,
861,04/17/16 05:00:00 AM,12.171,,,,
862,04/17/16 05:15:00 AM,12.171,,,,
863,04/17/16 05:30:00 AM,12.195,,,,
864,04/17/16 05:45:00 AM,12.147,,,,
865,04/17/16 06:00:00 AM,12.171,,,,
866,04/17/16 06:15:00 AM,12.171,,,,
867,04/17/16 06:30:00 AM,12.195,,,,
868,04/17/16 06:45:00 AM,12.195,,,,
869,04/17/16 07:00:00 AM,12.195,,,,
870,04/17/16 07:15:00 AM,12.195,,,,
871,04/17/16 07:30:00 AM,12.219,,,,
872,04/17/16 07:45:00 AM,12.219,,,,
873,04/17/16 08:00:00 AM,12.219,,,,
874,04/17/16 08:15:00 AM,12.243,,,,
875,04/17/16 08:30:00 AM,12.292,,,,
876,04/17/16 08:45:00 AM,12.340,,,,
877,04/17/16 09:00:00 AM,12.316,,,,
878,04/17/16 09:15:00 AM,12.364,,,,
879,04/17/16 09:30:00 AM,12.413,,,,
880,04/17/16 09:45:00 AM,12.413,,,,
881,04/17/16 10:00:00 AM,12.485,,,,
882,04/17/16 10:15:00 AM,12.534,,,,
883,04/17/16 10:30:00 AM,12.582,,,,
884,04/17/16 10:45:00 AM,12.606,,,,
885,04/17/16 11:00:00 AM,12.703,,,,
886,04/17/16 11:15:00 AM,12.727,,,,
887,04/17/16 11:30:00 AM,12.678,,,,
888,04/17/16 11:45:00 AM,12.823,,,,
889,04/17/16 12:00:00 PM,12.751,,,,
890,04/17/16 12:15:00 PM,12.920,,,,
891,04/17/16 12:30:00 PM,12.896,,,,
892,04/17/16 12:45:00 PM,13.016,,,,
893,04/17/16 01:00:00 PM,13.257,,,,
894,04/17/16 01:15:00 PM,13.401,,,,
895,04/17/16 01:30:00 PM,13.209,,,,
896,04/17/16 01:45:00 PM,13.040,,,,
897,04/17/16 02:00:00 PM,12.968,,,,
898,04/17/16 02:15:00 PM,14.242,,,,
899,04/17/16 02:30:00 PM,14.840,,,,
900,04/17/16 02:45:00 PM,15.318,,,,
901,04/17/16 03:00:00 PM,14.577,,,,
902,04/17/16 03:15:00 PM,16.511,,,,
903,04/17/16 03:30:00 PM,16.725,,,,
904,04/17/16 03:45:00 PM,18.937,,,,
905,04/17/16 04:00:00 PM,15.223,,,,
906,04/17/16 04:15:00 PM,16.892,,,,
907,04/17/16 04:30:00 PM,15.318,,,,
908,04/17/16 04:45:00 PM,16.034,,,,
909,04/17/16 05:00:00 PM,14.649,,,,
910,04/17/16 05:15:00 PM,15.629,,,,
911,04/17/16 05:30:00 PM,13.954,,,,
912,04/17/16 05:45:00 PM,13.281,,,,
913,04/17/16 06:00:00 PM,13.040,,,,
914,04/17/16 06:15:00 PM,12.896,,,,
915,04/17/16 06:30:00 PM,12.775,,,,
916,04/17/16 06:45:00 PM,12.799,,,,
917,04/17/16 07:00:00 PM,12.775,,,,
918,04/17/16 07:15:00 PM,12.775,,,,
919,04/17/16 07:30:00 PM,12.799,,,,
920,04/17/16 07:45:00 PM,12.799,,,,
921,04/17/16 08:00:00 PM,12.775,,,,
922,04/17/16 08:15:00 PM,12.751,,,,
923,04/17/16 08:30:00 PM,12.703,,,,
924,04/17/16 08:45:00 PM,12.727,,,,
925,04/17/16 09:00:00 PM,12.775,,,,
926,04/17/16 09:15:00 PM,12.823,,,,
927,04/17/16 09:30:00 PM,12.823,,,,
928,04/17/16 09:45:00 PM,12.799,,,,
929,04/17/16 10:00:00 PM,12.823,,,,
930,04/17/16 10:15:00 PM,12.871,,,,
931,04/17/16 10:30:00 PM,12.847,,,,
932,04/17/16 10:45:00 PM,12.823,,,,
933,04/17/16 11:00:00 PM,12.847,,,,
934,04/17/16 11:15:00 PM,12.799,,,,
935,04/17/16 11:30:00 PM,12.775,,,,
936,04/17/16 11:45:00 PM,12.775,,,,
937,04/18/16 12:00:00 AM,12.775,,,,
938,04/18/16 12:15:00 AM,12.775,,,,
939,04/18/16 12:30:00 AM,12.727,,,,
940,04/18/16 12:45:00 AM,12.727,,,,
941,04/18/16 01:00:00 AM,12.703,,,,
942,04/18/16 01:15:00 AM,12.727,,,,
943,04/18/16 01:30:00 AM,12.727,,,,
944,04/18/16 01:45:00 AM,12.727,,,,
945,04/18/16 02:00:00 AM,12.727,,,,
946,04/18/16 02:15:00 AM,12.727,,,,
947,04/18/16 02:30:00 AM,12.847,,,,
948,04/18/16 02:45:00 AM,12.896,,,,
949,04/18/16 03:00:00 AM,12.920,,,,
950,04/18/16 03:15:00 AM,12.944,,,,
951,04/18/16 03:30:00 AM,12.968,,,,
952,04/18/16 03:45:00 AM,12.968,,,,
953,04/18/16 04:00:00 AM,12.896,,,,
954,04/18/16 04:15:00 AM,12.871,,,,
955,04/18/16 04:30:00 AM,12.775,,,,
956,04/18/16 04:45:00 AM,12.775,,,,
957,04/18/16 05:00:00 AM,12.775,,,,
958,04/18/16 05:15:00 AM,12.751,,,,
959,04/18/16 05:30:00 AM,12.703,,,,
960,04/18/16 05:45:00 AM,12.799,,,,
961,04/18/16 06:00:00 AM,12.871,,,,
962,04/18/16 06:15:00 AM,12.847,,,,
963,04/18/16 06:30:00 AM,12.896,,,,
964,04/18/16 06:45:00 AM,12.896,,,,
965,04/18/16 07:00:00 AM,12.896,,,,
966,04/18/16 07:15:00 AM,12.920,,,,
967,04/18/16 07:30:00 AM,12.968,,,,
968,04/18/16 07:45:00 AM,12.944,,,,
969,04/18/16 08:00:00 AM,12.920,,,,
970,04/18/16 08:15:00 AM,12.968,,,,
971,04/18/16 08:30:00 AM,12.944,,,,
972,04/18/16 08:45:00 AM,12.944,,,,
973,04/18/16 09:00:00 AM,12.920,,,,
974,04/18/16 09:15:00 AM,12.968,,,,
975,04/18/16 09:30:00 AM,12.944,,,,
976,04/18/16 09:45:00 AM,13.016,,,,
977,04/18/16 10:00:00 AM,13.016,,,,
978,04/18/16 10:15:00 AM,13.064,,,,
979,04/18/16 10:30:00 AM,13.064,,,,
980,04/18/16 10:45:00 AM,13.040,,,,
981,04/18/16 11:00:00 AM,13.064,,,,
982,04/18/16 11:15:00 AM,13.112,,,,
983,04/18/16 11:30:00 AM,13.137,,,,
984,04/18/16 11:45:00 AM,13.209,,,,
985,04/18/16 12:00:00 PM,13.233,,,,
986,04/18/16 12:15:00 PM,13.233,,,,
987,04/18/16 12:30:00 PM,13.281,,,,
988,04/18/16 12:45:00 PM,13.329,,,,
989,04/18/16 01:00:00 PM,13.401,,,,
990,04/18/16 01:15:00 PM,13.497,,,,
991,04/18/16 01:30:00 PM,13.642,,,,
992,04/18/16 01:45:00 PM,13.690,,,,
993,04/18/16 02:00:00 PM,13.810,,,,
994,04/18/16 02:15:00 PM,13.738,,,,
995,04/18/16 02:30:00 PM,14.026,,,,
996,04/18/16 02:45:00 PM,14.242,,,,
997,04/18/16 03:00:00 PM,13.882,,,,
998,04/18/16 03:15:00 PM,14.122,,,,
999,04/18/16 03:30:00 PM,14.505,,,,
1000,04/18/16 03:45:00 PM,15.103,,,,
1001,04/18/16 04:00:00 PM,15.199,,,,
1002,04/18/16 04:15:00 PM,15.652,,,,
1003,04/18/16 04:30:00 PM,16.082,,,,
1004,04/18/16 04:45:00 PM,15.199,,,,
1005,04/18/16 05:00:00 PM,17.272,,,,
1006,04/18/16 05:15:00 PM,15.318,,,,
1007,04/18/16 05:30:00 PM,16.082,,,,
1008,04/18/16 05:45:00 PM,15.103,,,,
1009,04/18/16 06:00:00 PM,13.618,,,,
1010,04/18/16 06:15:00 PM,13.546,,,,
1011,04/18/16 06:30:00 PM,13.473,,,,
1012,04/18/16 06:45:00 PM,13.401,,,,
1013,04/18/16 07:00:00 PM,13.281,,,,
1014,04/18/16 07:15:00 PM,13.281,,,,
1015,04/18/16 07:30:00 PM,13.257,,,,
1016,04/18/16 07:45:00 PM,13.257,,,,
1017,04/18/16 08:00:00 PM,13.209,,,,
1018,04/18/16 08:15:00 PM,13.161,,,,
1019,04/18/16 08:30:00 PM,13.185,,,,
1020,04/18/16 08:45:00 PM,13.185,,,,
1021,04/18/16 09:00:00 PM,13.137,,,,
1022,04/18/16 09:15:00 PM,13.112,,,,
1023,04/18/16 09:30:00 PM,13.112,,,,
1024,04/18/16 09:45:00 PM,13.137,,,,
1025,04/18/16 10:00:00 PM,13.137,,,,
1026,04/18/16 10:15:00 PM,13.185,,,,
1027,04/18/16 10:30:00 PM,13.233,,,,
1028,04/18/16 10:45:00 PM,13.281,,,,
1029,04/18/16 11:00:00 PM,13.305,,,,
1030,04/18/16 11:15:00 PM,13.281,,,,
1031,04/18/16 11:30:00 PM,13.233,,,,
1032,04/18/16 11:45:00 PM,13.209,,,,
1033,04/19/16 12:00:00 AM,13.137,,,,
1034,04/19/16 12:15:00 AM,13.064,,,,
1035,04/19/16 12:30:00 AM,13.040,,,,
1036,04/19/16 12:45:00 AM,13.016,,,,
1037,04/19/16 01:00:00 AM,12.992,,,,
1038,04/19/16 01:15:00 AM,12.992,,,,
1039,04/19/16 01:30:00 AM,13.016,,,,
1040,04/19/16 01:45:00 AM,13.088,,,,
1041,04/19/16 02:00:00 AM,13.112,,,,
1042,04/19/16 02:15:00 AM,13.112,,,,
1043,04/19/16 02:30:00 AM,13.088,,,,
1044,04/19/16 02:45:00 AM,13.040,,,,
1045,04/19/16 03:00:00 AM,13.016,,,,
1046,04/19/16 03:15:00 AM,12.968,,,,
1047,04/19/16 03:30:00 AM,12.968,,,,
1048,04/19/16 03:45:00 AM,12.799,,,,
1049,04/19/16 04:00:00 AM,12.727,,,,
1050,04/19/16 04:15:00 AM,12.630,,,,
1051,04/19/16 04:30:00 AM,12.389,,,,
1052,04/19/16 04:45:00 AM,12.171,,,,
1053,04/19/16 05:00:00 AM,12.001,,,,
1054,04/19/16 05:15:00 AM,11.565,,,,
1055,04/19/16 05:30:00 AM,10.980,,,,
1056,04/19/16 05:45:00 AM,11.686,,,,
1057,04/19/16 06:00:00 AM,11.904,,,,
1058,04/19/16 06:15:00 AM,11.953,,,,
1059,04/19/16 06:30:00 AM,12.582,,,,
1060,04/19/16 06:45:00 AM,12.485,,,,
1061,04/19/16 07:00:00 AM,12.243,,,,
1062,04/19/16 07:15:00 AM,12.944,,,,
1063,04/19/16 07:30:00 AM,12.992,,,,
1064,04/19/16 07:45:00 AM,13.281,,,,
1065,04/19/16 08:00:00 AM,13.377,,,,
1066,04/19/16 08:15:00 AM,13.497,,,,
1067,04/19/16 08:30:00 AM,13.449,,,,
1068,04/19/16 08:45:00 AM,13.497,,,,
1069,04/19/16 09:00:00 AM,13.497,,,,
1070,04/19/16 09:15:00 AM,13.497,,,,
1071,04/19/16 09:30:00 AM,13.570,,,,
1072,04/19/16 09:45:00 AM,13.618,,,,
1073,04/19/16 10:00:00 AM,13.690,,,,
1074,04/19/16 10:15:00 AM,13.690,,,,
1075,04/19/16 10:30:00 AM,13.690,,,,
1076,04/19/16 10:45:00 AM,13.738,,,,
1077,04/19/16 11:00:00 AM,13.714,,,,
1078,04/19/16 11:15:00 AM,13.714,,,,
1079,04/19/16 11:30:00 AM,13.786,,,,
1080,04/19/16 11:45:00 AM,13.810,,,,
1081,04/19/16 12:00:00 PM,13.834,,,,
1082,04/19/16 12:15:00 PM,13.834,,,,
1083,04/19/16 12:30:00 PM,13.906,,,,
1084,04/19/16 12:45:00 PM,13.978,,,,
1085,04/19/16 01:00:00 PM,13.930,,,,
1086,04/19/16 01:15:00 PM,13.930,,,,
1087,04/19/16 01:30:00 PM,13.906,,,,
1088,04/19/16 01:45:00 PM,13.954,,,,
1089,04/19/16 02:00:00 PM,14.002,,,,
1090,04/19/16 02:15:00 PM,14.146,,,,
1091,04/19/16 02:30:00 PM,14.170,,,,
1092,04/19/16 02:45:00 PM,14.314,,,,
1093,04/19/16 03:00:00 PM,14.409,,,,
1094,04/19/16 03:15:00 PM,14.553,,,,
1095,04/19/16 03:30:00 PM,14.816,,,,
1096,04/19/16 03:45:00 PM,15.031,,,,
1097,04/19/16 04:00:00 PM,14.960,,,,
1098,04/19/16 04:15:00 PM,15.843,,,,
1099,04/19/16 04:30:00 PM,15.891,,,,
1100,04/19/16 04:45:00 PM,15.438,,,,
1101,04/19/16 05:00:00 PM,14.361,,,,
1102,04/19/16 05:15:00 PM,15.294,,,,
1103,04/19/16 05:30:00 PM,15.055,,,,
1104,04/19/16 05:45:00 PM,14.721,,,,
1105,04/19/16 06:00:00 PM,14.481,,,,
1106,04/19/16 06:15:00 PM,14.194,,,,
1107,04/19/16 06:30:00 PM,13.762,,,,
1108,04/19/16 06:45:00 PM,13.522,,,,
1109,04/19/16 07:00:00 PM,13.570,,,,
1110,04/19/16 07:15:00 PM,13.449,,,,
1111,04/19/16 07:30:00 PM,13.497,,,,
1112,04/19/16 07:45:00 PM,13.497,,,,
1113,04/19/16 08:00:00 PM,13.497,,,,
1114,04/19/16 08:15:00 PM,13.497,,,,
1115,04/19/16 08:30:00 PM,13.473,,,,
1116,04/19/16 08:45:00 PM,13.497,,,,
1117,04/19/16 09:00:00 PM,13.497,,,,
1118,04/19/16 09:15:00 PM,13.473,,,,
1119,04/19/16 09:30:00 PM,13.473,,,,
1120,04/19/16 09:45:00 PM,13.473,,,,
1121,04/19/16 10:00:00 PM,13.497,,,,
1122,04/19/16 10:15:00 PM,13.497,,,,
1123,04/19/16 10:30:00 PM,13.497,,,,
1124,04/19/16 10:45:00 PM,13.497,,,,
1125,04/19/16 11:00:00 PM,13.497,,,,
1126,04/19/16 11:15:00 PM,13.473,,,,
1127,04/19/16 11:30:00 PM,13.497,,,,
1128,04/19/16 11:45:00 PM,13.497,,,,
1129,04/20/16 12:00:00 AM,13.497,,,,
1130,04/20/16 12:15:00 AM,13.497,,,,
1131,04/20/16 12:30:00 AM,13.497,,,,
1132,04/20/16 12:45:00 AM,13.497,,,,
1133,04/20/16 01:00:00 AM,13.546,,,,
1134,04/20/16 01:15:00 AM,13.546,,,,
1135,04/20/16 01:30:00 AM,13.522,,,,
1136,04/20/16 01:45:00 AM,13.497,,,,
1137,04/20/16 02:00:00 AM,13.497,,,,
1138,04/20/16 02:15:00 AM,13.497,,,,
1139,04/20/16 02:30:00 AM,13.497,,,,
1140,04/20/16 02:45:00 AM,13.329,,,,
1141,04/20/16 03:00:00 AM,13.401,,,,
1142,04/20/16 03:15:00 AM,13.425,,,,
1143,04/20/16 03:30:00 AM,13.137,,,,
1144,04/20/16 03:45:00 AM,12.920,,,,
1145,04/20/16 04:00:00 AM,13.257,,,,
1146,04/20/16 04:15:00 AM,12.968,,,,
1147,04/20/16 04:30:00 AM,12.485,,,,
1148,04/20/16 04:45:00 AM,12.316,,,,
1149,04/20/16 05:00:00 AM,11.904,,,,
1150,04/20/16 05:15:00 AM,11.637,,,,
1151,04/20/16 05:30:00 AM,11.419,,,,
1152,04/20/16 05:45:00 AM,11.540,,,,
1153,04/20/16 06:00:00 AM,11.419,,,,
1154,04/20/16 06:15:00 AM,11.467,,,,
1155,04/20/16 06:30:00 AM,11.346,,,,
1156,04/20/16 06:45:00 AM,11.686,,,,
1157,04/20/16 07:00:00 AM,12.364,,,,
1158,04/20/16 07:15:00 AM,12.678,,,,
1159,04/20/16 07:30:00 AM,12.968,,,,
1160,04/20/16 07:45:00 AM,13.209,,,,
1161,04/20/16 08:00:00 AM,13.353,,,,
1162,04/20/16 08:15:00 AM,13.449,,,,
1163,04/20/16 08:30:00 AM,13.449,,,,
1164,04/20/16 08:45:00 AM,13.401,,,,
1165,04/20/16 09:00:00 AM,13.377,,,,
1166,04/20/16 09:15:00 AM,13.546,,,,
1167,04/20/16 09:30:00 AM,13.546,,,,
1168,04/20/16 09:45:00 AM,13.618,,,,
1169,04/20/16 10:00:00 AM,13.738,,,,
1170,04/20/16 10:15:00 AM,13.762,,,,
1171,04/20/16 10:30:00 AM,13.690,,,,
1172,04/20/16 10:45:00 AM,13.642,,,,
1173,04/20/16 11:00:00 AM,13.666,,,,
1174,04/20/16 11:15:00 AM,13.810,,,,
1175,04/20/16 11:30:00 AM,13.834,,,,
1176,04/20/16 11:45:00 AM,13.858,,,,
1177,04/20/16 12:00:00 PM,13.858,,,,
1178,04/20/16 12:15:00 PM,13.930,,,,
1179,04/20/16 12:30:00 PM,14.122,,,,
1180,04/20/16 12:45:00 PM,14.050,,,,
1181,04/20/16 01:00:00 PM,14.242,,,,
1182,04/20/16 01:15:00 PM,14.337,,,,
1183,04/20/16 01:30:00 PM,14.218,,,,
1184,04/20/16 01:45:00 PM,14.409,,,,
1185,04/20/16 02:00:00 PM,14.433,,,,
1186,04/20/16 02:15:00 PM,14.385,,,,
1187,04/20/16 02:30:00 PM,14.433,,,,
1188,04/20/16 02:45:00 PM,14.553,,,,
1189,04/20/16 03:00:00 PM,14.840,,,,
1190,04/20/16 03:15:00 PM,14.649,,,,
1191,04/20/16 03:30:00 PM,15.103,,,,
1192,04/20/16 03:45:00 PM,14.649,,,,
1193,04/20/16 04:00:00 PM,14.816,,,,
1194,04/20/16 04:15:00 PM,14.553,,,,
1195,04/20/16 04:30:00 PM,15.533,,,,
1196,04/20/16 04:45:00 PM,16.654,,,,
1197,04/20/16 05:00:00 PM,16.558,,,,
1198,04/20/16 05:15:00 PM,16.773,,,,
1199,04/20/16 05:30:00 PM,15.867,,,,
1200,04/20/16 05:45:00 PM,15.629,,,,
1201,04/20/16 06:00:00 PM,14.601,,,,
1202,04/20/16 06:15:00 PM,14.266,,,,
1203,04/20/16 06:30:00 PM,14.194,,,,
1204,04/20/16 06:45:00 PM,14.146,,,,
1205,04/20/16 07:00:00 PM,14.194,,,,
1206,04/20/16 07:15:00 PM,14.194,,,,
1207,04/20/16 07:30:00 PM,14.385,,,,
1208,04/20/16 07:45:00 PM,13.762,,,,
1209,04/20/16 08:00:00 PM,14.481,,,,
1210,04/20/16 08:15:00 PM,14.457,,,,
1211,04/20/16 08:30:00 PM,14.361,,,,
1212,04/20/16 08:45:00 PM,14.290,,,,
1213,04/20/16 09:00:00 PM,14.242,,,,
1214,04/20/16 09:15:00 PM,14.242,,,,
1215,04/20/16 09:30:00 PM,14.194,,,,
1216,04/20/16 09:45:00 PM,14.194,,,,
1217,04/20/16 10:00:00 PM,14.218,,,,
1218,04/20/16 10:15:00 PM,14.218,,,,
1219,04/20/16 10:30:00 PM,14.218,,,,
1220,04/20/16 10:45:00 PM,14.242,,,,
1221,04/20/16 11:00:00 PM,14.242,,,,
1222,04/20/16 11:15:00 PM,14.242,,,,
1223,04/20/16 11:30:00 PM,14.242,,,,
1224,04/20/16 11:45:00 PM,14.242,,,,
1225,04/21/16 12:00:00 AM,14.242,,,,
1226,04/21/16 12:15:00 AM,14.218,,,,
1227,04/21/16 12:30:00 AM,14.218,,,,
1228,04/21/16 12:45:00 AM,14.194,,,,
1229,04/21/16 01:00:00 AM,14.194,,,,
1230,04/21/16 01:15:00 AM,14.194,,,,
1231,04/21/16 01:30:00 AM,14.194,,,,
1232,04/21/16 01:45:00 AM,14.170,,,,
1233,04/21/16 02:00:00 AM,14.146,,,,
1234,04/21/16 02:15:00 AM,14.122,,,,
1235,04/21/16 02:30:00 AM,14.074,,,,
1236,04/21/16 02:45:00 AM,13.978,,,,
1237,04/21/16 03:00:00 AM,13.930,,,,
1238,04/21/16 03:15:00 AM,13.810,,,,
1239,04/21/16 03:30:00 AM,13.594,,,,
1240,04/21/16 03:45:00 AM,13.522,,,,
1241,04/21/16 04:00:00 AM,13.618,,,,
1242,04/21/16 04:15:00 AM,13.594,,,,
1243,04/21/16 04:30:00 AM,13.473,,,,
1244,04/21/16 04:45:00 AM,13.185,,,,
1245,04/21/16 05:00:00 AM,11.492,,,,
1246,04/21/16 05:15:00 AM,12.098,,,,
1247,04/21/16 05:30:00 AM,11.078,,,,
1248,04/21/16 05:45:00 AM,10.345,,,,
1249,04/21/16 06:00:00 AM,9.805,,,,
1250,04/21/16 06:15:00 AM,10.614,,,,
1251,04/21/16 06:30:00 AM,10.565,,,,
1252,04/21/16 06:45:00 AM,11.686,,,,
1253,04/21/16 07:00:00 AM,12.001,,,,
1254,04/21/16 07:15:00 AM,12.292,,,,
1255,04/21/16 07:30:00 AM,12.195,,,,
1256,04/21/16 07:45:00 AM,12.630,,,,
1257,04/21/16 08:00:00 AM,13.377,,,,
1258,04/21/16 08:15:00 AM,14.026,,,,
1259,04/21/16 08:30:00 AM,14.290,,,,
1260,04/21/16 08:45:00 AM,14.505,,,,
1261,04/21/16 09:00:00 AM,14.242,,,,
1262,04/21/16 09:15:00 AM,14.218,,,,
1263,04/21/16 09:30:00 AM,14.194,,,,
1264,04/21/16 09:45:00 AM,14.361,,,,
1265,04/21/16 10:00:00 AM,14.457,,,,
1266,04/21/16 10:15:00 AM,14.433,,,,
1267,04/21/16 10:30:00 AM,14.409,,,,
1268,04/21/16 10:45:00 AM,14.337,,,,
1269,04/21/16 11:00:00 AM,14.457,,,,
1270,04/21/16 11:15:00 AM,14.529,,,,
1271,04/21/16 11:30:00 AM,14.505,,,,
1272,04/21/16 11:45:00 AM,14.553,,,,
1273,04/21/16 12:00:00 PM,14.529,,,,
1274,04/21/16 12:15:00 PM,14.553,,,,
1275,04/21/16 12:30:00 PM,14.649,,,,
1276,04/21/16 12:45:00 PM,14.649,,,,
1277,04/21/16 01:00:00 PM,14.697,,,,
1278,04/21/16 01:15:00 PM,14.745,,,,
1279,04/21/16 01:30:00 PM,14.816,,,,
1280,04/21/16 01:45:00 PM,14.816,,,,
1281,04/21/16 02:00:00 PM,14.864,,,,
1282,04/21/16 02:15:00 PM,14.697,,,,
1283,04/21/16 02:30:00 PM,14.840,,,,
1284,04/21/16 02:45:00 PM,14.768,,,,
1285,04/21/16 03:00:00 PM,14.649,,,,
1286,04/21/16 03:15:00 PM,14.553,,,,
1287,04/21/16 03:30:00 PM,14.577,,,,
1288,04/21/16 03:45:00 PM,14.553,,,,
1289,04/21/16 04:00:00 PM,14.768,,,,
1290,04/21/16 04:15:00 PM,14.601,,,,
1291,04/21/16 04:30:00 PM,14.601,,,,
1292,04/21/16 04:45:00 PM,14.577,,,,
1293,04/21/16 05:00:00 PM,14.625,,,,
1294,04/21/16 05:15:00 PM,14.553,,,,
1295,04/21/16 05:30:00 PM,14.673,,,,
1296,04/21/16 05:45:00 PM,14.553,,,,
1297,04/21/16 06:00:00 PM,14.433,,,,
1298,04/21/16 06:15:00 PM,14.314,,,,
1299,04/21/16 06:30:00 PM,14.457,,,,
1300,04/21/16 06:45:00 PM,14.337,,,,
1301,04/21/16 07:00:00 PM,14.361,,,,
1302,04/21/16 07:15:00 PM,14.385,,,,
1303,04/21/16 07:30:00 PM,14.337,,,,
1304,04/21/16 07:45:00 PM,14.337,,,,
1305,04/21/16 08:00:00 PM,14.337,,,,
1306,04/21/16 08:15:00 PM,14.337,,,,
1307,04/21/16 08:30:00 PM,14.314,,,,
1308,04/21/16 08:45:00 PM,14.337,,,,
1309,04/21/16 09:00:00 PM,14.290,,,,
1310,04/21/16 09:15:00 PM,14.314,,,,
1311,04/21/16 09:30:00 PM,14.314,,,,
1312,04/21/16 09:45:00 PM,14.314,,,,
1313,04/21/16 10:00:00 PM,14.314,,,,
1314,04/21/16 10:15:00 PM,14.290,,,,
1315,04/21/16 10:30:00 PM,14.290,,,,
1316,04/21/16 10:45:00 PM,14.290,,,,
1317,04/21/16 11:00:00 PM,14.290,,,,
1318,04/21/16 11:15:00 PM,14.266,,,,
1319,04/21/16 11:30:00 PM,14.266,,,,
1320,04/21/16 11:45:00 PM,14.266,,,,
1321,04/22/16 12:00:00 AM,14.266,,,,
1322,04/22/16 12:15:00 AM,14.242,,,,
1323,04/22/16 12:30:00 AM,14.242,,,,
1324,04/22/16 12:45:00 AM,14.218,,,,
1325,04/22/16 01:00:00 AM,14.218,,,,
1326,04/22/16 01:15:00 AM,14.194,,,,
1327,04/22/16 01:30:00 AM,14.194,,,,
1328,04/22/16 01:45:00 AM,14.170,,,,
1329,04/22/16 02:00:00 AM,14.170,,,,
1330,04/22/16 02:15:00 AM,14.146,,,,
1331,04/22/16 02:30:00 AM,14.122,,,,
1332,04/22/16 02:45:00 AM,14.122,,,,
1333,04/22/16 03:00:00 AM,14.098,,,,
1334,04/22/16 03:15:00 AM,14.074,,,,
1335,04/22/16 03:30:00 AM,14.074,,,,
1336,04/22/16 03:45:00 AM,14.074,,,,
1337,04/22/16 04:00:00 AM,14.050,,,,
1338,04/22/16 04:15:00 AM,14.026,,,,
1339,04/22/16 04:30:00 AM,13.930,,,,
1340,04/22/16 04:45:00 AM,13.906,,,,
1341,04/22/16 05:00:00 AM,13.834,,,,
1342,04/22/16 05:15:00 AM,13.449,,,,
1343,04/22/16 05:30:00 AM,13.497,,,,
1344,04/22/16 05:45:00 AM,12.292,,,,
1345,04/22/16 06:00:00 AM,13.040,,,,
1346,04/22/16 06:15:00 AM,11.929,,,,
1347,04/22/16 06:30:00 AM,12.025,,,,
1348,04/22/16 06:45:00 AM,12.050,,,,
1349,04/22/16 07:00:00 AM,11.710,,,,
1350,04/22/16 07:15:00 AM,11.904,,,,
1351,04/22/16 07:30:00 AM,12.025,,,,
1352,04/22/16 07:45:00 AM,12.243,,,,
1353,04/22/16 08:00:00 AM,12.461,,,,
1354,04/22/16 08:15:00 AM,12.243,,,,
1355,04/22/16 08:30:00 AM,12.654,,,,
1356,04/22/16 08:45:00 AM,13.137,,,,
1357,04/22/16 09:00:00 AM,13.329,,,,
1358,04/22/16 09:15:00 AM,13.546,,,,
1359,04/22/16 09:30:00 AM,13.882,,,,
1360,04/22/16 09:45:00 AM,13.906,,,,
1361,04/22/16 10:00:00 AM,13.978,,,,
1362,04/22/16 10:15:00 AM,14.122,,,,
1363,04/22/16 10:30:00 AM,14.314,,,,
1364,04/22/16 10:45:00 AM,14.026,,,,
1365,04/22/16 11:00:00 AM,14.122,,,,
1366,04/22/16 11:15:00 AM,14.242,,,,
1367,04/22/16 11:30:00 AM,14.218,,,,
1368,04/22/16 11:45:00 AM,14.242,,,,
1369,04/22/16 12:00:00 PM,14.266,,,,
1370,04/22/16 12:15:00 PM,14.266,,,,
1371,04/22/16 12:30:00 PM,14.314,,,,
1372,04/22/16 12:45:00 PM,14.385,,,,
1373,04/22/16 01:00:00 PM,14.409,,,,
1374,04/22/16 01:15:00 PM,14.433,,,,
1375,04/22/16 01:30:00 PM,14.457,,,,
1376,04/22/16 01:45:00 PM,14.481,,,,
1377,04/22/16 02:00:00 PM,14.505,,,,
1378,04/22/16 02:15:00 PM,14.529,,,,
1379,04/22/16 02:30:00 PM,14.577,,,,
1380,04/22/16 02:45:00 PM,14.577,,,,
1381,04/22/16 03:00:00 PM,14.625,,,,
1382,04/22/16 03:15:00 PM,14.577,,,,
1383,04/22/16 03:30:00 PM,14.577,,,,
1384,04/22/16 03:45:00 PM,14.625,,,,
1385,04/22/16 04:00:00 PM,14.625,,,,
1386,04/22/16 04:15:00 PM,14.768,,,,
1387,04/22/16 04:30:00 PM,14.697,,,,
1388,04/22/16 04:45:00 PM,14.888,,,,
1389,04/22/16 05:00:00 PM,14.888,,,,
1390,04/22/16 05:15:00 PM,14.840,,,,
1391,04/22/16 05:30:00 PM,14.673,,,,
1392,04/22/16 05:45:00 PM,14.768,,,,
1393,04/22/16 06:00:00 PM,14.457,,,,
1394,04/22/16 06:15:00 PM,14.433,,,,
1395,04/22/16 06:30:00 PM,14.050,,,,
1396,04/22/16 06:45:00 PM,13.858,,,,
1397,04/22/16 07:00:00 PM,13.906,,,,
1398,04/22/16 07:15:00 PM,14.002,,,,
1399,04/22/16 07:30:00 PM,13.762,,,,
1400,04/22/16 07:45:00 PM,14.026,,,,
1401,04/22/16 08:00:00 PM,14.290,,,,
1402,04/22/16 08:15:00 PM,14.218,,,,
1403,04/22/16 08:30:00 PM,13.594,,,,
1404,04/22/16 08:45:00 PM,14.194,,,,
1405,04/22/16 09:00:00 PM,14.242,,,,
1406,04/22/16 09:15:00 PM,14.266,,,,
1407,04/22/16 09:30:00 PM,14.218,,,,
1408,04/22/16 09:45:00 PM,14.218,,,,
1409,04/22/16 10:00:00 PM,14.194,,,,
1410,04/22/16 10:15:00 PM,14.170,,,,
1411,04/22/16 10:30:00 PM,14.170,,,,
1412,04/22/16 10:45:00 PM,14.146,,,,
1413,04/22/16 11:00:00 PM,14.146,,,,
1414,04/22/16 11:15:00 PM,14.146,,,,
1415,04/22/16 11:30:00 PM,14.146,,,,
1416,04/22/16 11:45:00 PM,14.122,,,,
1417,04/23/16 12:00:00 AM,14.146,,,,
1418,04/23/16 12:15:00 AM,14.122,,,,
1419,04/23/16 12:30:00 AM,14.122,,,,
1420,04/23/16 12:45:00 AM,14.122,,,,
1421,04/23/16 01:00:00 AM,14.122,,,,
1422,04/23/16 01:15:00 AM,14.146,,,,
1423,04/23/16 01:30:00 AM,14.122,,,,
1424,04/23/16 01:45:00 AM,14.122,,,,
1425,04/23/16 02:00:00 AM,14.122,,,,
1426,04/23/16 02:15:00 AM,14.122,,,,
1427,04/23/16 02:30:00 AM,14.122,,,,
1428,04/23/16 02:45:00 AM,14.122,,,,
1429,04/23/16 03:00:00 AM,14.122,,,,
1430,04/23/16 03:15:00 AM,14.098,,,,
1431,04/23/16 03:30:00 AM,14.098,,,,
1432,04/23/16 03:45:00 AM,14.074,,,,
1433,04/23/16 04:00:00 AM,14.074,,,,
1434,04/23/16 04:15:00 AM,14.050,,,,
1435,04/23/16 04:30:00 AM,14.026,,,,
1436,04/23/16 04:45:00 AM,14.026,,,,
1437,04/23/16 05:00:00 AM,13.954,,,,
1438,04/23/16 05:15:00 AM,13.882,,,,
1439,04/23/16 05:30:00 AM,13.882,,,,
1440,04/23/16 05:45:00 AM,13.762,,,,
1441,04/23/16 06:00:00 AM,13.497,,,,
1442,04/23/16 06:15:00 AM,12.968,,,,
1443,04/23/16 06:30:00 AM,12.703,,,,
1444,04/23/16 06:45:00 AM,12.751,,,,
1445,04/23/16 07:00:00 AM,11.734,,,,
1446,04/23/16 07:15:00 AM,11.565,,,,
1447,04/23/16 07:30:00 AM,12.074,,,,
1448,04/23/16 07:45:00 AM,12.340,,,,
1449,04/23/16 08:00:00 AM,12.703,,,,
1450,04/23/16 08:15:00 AM,12.558,,,,
1451,04/23/16 08:30:00 AM,12.799,,,,
1452,04/23/16 08:45:00 AM,12.340,,,,
1453,04/23/16 09:00:00 AM,12.920,,,,
1454,04/23/16 09:15:00 AM,13.666,,,,
1455,04/23/16 09:30:00 AM,13.834,,,,
1456,04/23/16 09:45:00 AM,13.906,,,,
1457,04/23/16 10:00:00 AM,14.074,,,,
1458,04/23/16 10:15:00 AM,14.002,,,,
1459,04/23/16 10:30:00 AM,14.122,,,,
1460,04/23/16 10:45:00 AM,13.978,,,,
1461,04/23/16 11:00:00 AM,13.978,,,,
1462,04/23/16 11:15:00 AM,13.978,,,,
1463,04/23/16 11:30:00 AM,13.954,,,,
1464,04/23/16 11:45:00 AM,13.978,,,,
1465,04/23/16 12:00:00 PM,13.978,,,,
1466,04/23/16 12:15:00 PM,13.978,,,,
1467,04/23/16 12:30:00 PM,14.002,,,,
1468,04/23/16 12:45:00 PM,14.002,,,,
1469,04/23/16 01:00:00 PM,14.026,,,,
1470,04/23/16 01:15:00 PM,14.098,,,,
1471,04/23/16 01:30:00 PM,14.098,,,,
1472,04/23/16 01:45:00 PM,14.074,,,,
1473,04/23/16 02:00:00 PM,14.074,,,,
1474,04/23/16 02:15:00 PM,14.074,,,,
1475,04/23/16 02:30:00 PM,14.074,,,,
1476,04/23/16 02:45:00 PM,14.098,,,,
1477,04/23/16 03:00:00 PM,14.098,,,,
1478,04/23/16 03:15:00 PM,14.146,,,,
1479,04/23/16 03:30:00 PM,14.146,,,,
1480,04/23/16 03:45:00 PM,14.122,,,,
1481,04/23/16 04:00:00 PM,14.098,,,,
1482,04/23/16 04:15:00 PM,14.098,,,,
1483,04/23/16 04:30:00 PM,14.074,,,,
1484,04/23/16 04:45:00 PM,14.074,,,,
1485,04/23/16 05:00:00 PM,14.074,,,,
1486,04/23/16 05:15:00 PM,14.074,,,,
1487,04/23/16 05:30:00 PM,14.050,,,,
1488,04/23/16 05:45:00 PM,14.050,,,,
1489,04/23/16 06:00:00 PM,14.026,,,,
1490,04/23/16 06:15:00 PM,14.002,,,,
1491,04/23/16 06:30:00 PM,13.978,,,,
1492,04/23/16 06:45:00 PM,13.834,,,,
1493,04/23/16 07:00:00 PM,13.930,,,,
1494,04/23/16 07:15:00 PM,13.906,,,,
1495,04/23/16 07:30:00 PM,13.786,,,,
1496,04/23/16 07:45:00 PM,13.810,,,,
1497,04/23/16 08:00:00 PM,13.810,,,,
1498,04/23/16 08:15:00 PM,13.762,,,,
1499,04/23/16 08:30:00 PM,13.834,,,,
1500,04/23/16 08:45:00 PM,13.834,,,,
1501,04/23/16 09:00:00 PM,13.810,,,,
1502,04/23/16 09:15:00 PM,13.858,,,,
1503,04/23/16 09:30:00 PM,13.858,,,,
1504,04/23/16 09:45:00 PM,13.882,,,,
1505,04/23/16 10:00:00 PM,13.858,,,,
1506,04/23/16 10:15:00 PM,13.882,,,,
1507,04/23/16 10:30:00 PM,13.858,,,,
1508,04/23/16 10:45:00 PM,13.858,,,,
1509,04/23/16 11:00:00 PM,13.858,,,,
1510,04/23/16 11:15:00 PM,13.858,,,,
1511,04/23/16 11:30:00 PM,13.858,,,,
1512,04/23/16 11:45:00 PM,13.858,,,,
1513,04/24/16 12:00:00 AM,13.858,,,,
1514,04/24/16 12:15:00 AM,13.834,,,,
1515,04/24/16 12:30:00 AM,13.834,,,,
1516,04/24/16 12:45:00 AM,13.834,,,,
1517,04/24/16 01:00:00 AM,13.834,,,,
1518,04/24/16 01:15:00 AM,13.834,,,,
1519,04/24/16 01:30:00 AM,13.834,,,,
1520,04/24/16 01:45:00 AM,13.810,,,,
1521,04/24/16 02:00:00 AM,13.810,,,,
1522,04/24/16 02:15:00 AM,13.810,,,,
1523,04/24/16 02:30:00 AM,13.810,,,,
1524,04/24/16 02:45:00 AM,13.810,,,,
1525,04/24/16 03:00:00 AM,13.810,,,,
1526,04/24/16 03:15:00 AM,13.786,,,,
1527,04/24/16 03:30:00 AM,13.762,,,,
1528,04/24/16 03:45:00 AM,13.738,,,,
1529,04/24/16 04:00:00 AM,13.738,,,,
1530,04/24/16 04:15:00 AM,13.714,,,,
1531,04/24/16 04:30:00 AM,13.690,,,,
1532,04/24/16 04:45:00 AM,13.666,,,,
1533,04/24/16 05:00:00 AM,13.642,,,,
1534,04/24/16 05:15:00 AM,13.594,,,,
1535,04/24/16 05:30:00 AM,13.449,,,,
1536,04/24/16 05:45:00 AM,13.329,,,,
1537,04/24/16 06:00:00 AM,13.209,,,,
1538,04/24/16 06:15:00 AM,12.775,,,,
1539,04/24/16 06:30:00 AM,12.001,,,,
1540,04/24/16 06:45:00 AM,11.686,,,,
1541,04/24/16 07:00:00 AM,11.734,,,,
1542,04/24/16 07:15:00 AM,11.224,,,,
1543,04/24/16 07:30:00 AM,10.785,,,,
1544,04/24/16 07:45:00 AM,11.127,,,,
1545,04/24/16 08:00:00 AM,11.686,,,,
1546,04/24/16 08:15:00 AM,11.929,,,,
1547,04/24/16 08:30:00 AM,11.662,,,,
1548,04/24/16 08:45:00 AM,10.565,,,,
1549,04/24/16 09:00:00 AM,10.051,,,,
1550,04/24/16 09:15:00 AM,10.149,,,,
1551,04/24/16 09:30:00 AM,11.637,,,,
1552,04/24/16 09:45:00 AM,12.871,,,,
1553,04/24/16 10:00:00 AM,13.112,,,,
1554,04/24/16 10:15:00 AM,13.522,,,,
1555,04/24/16 10:30:00 AM,14.146,,,,
1556,04/24/16 10:45:00 AM,12.896,,,,
1557,04/24/16 11:00:00 AM,13.209,,,,
1558,04/24/16 11:15:00 AM,13.425,,,,
1559,04/24/16 11:30:00 AM,13.570,,,,
1560,04/24/16 11:45:00 AM,13.546,,,,
1561,04/24/16 12:00:00 PM,13.594,,,,
1562,04/24/16 12:15:00 PM,13.594,,,,
1563,04/24/16 12:30:00 PM,13.570,,,,
1564,04/24/16 12:45:00 PM,13.642,,,,
1565,04/24/16 01:00:00 PM,13.570,,,,
1566,04/24/16 01:15:00 PM,13.546,,,,
1567,04/24/16 01:30:00 PM,13.714,,,,
1568,04/24/16 01:45:00 PM,13.690,,,,
1569,04/24/16 02:00:00 PM,13.546,,,,
1570,04/24/16 02:15:00 PM,13.522,,,,
1571,04/24/16 02:30:00 PM,13.642,,,,
1572,04/24/16 02:45:00 PM,13.666,,,,
1573,04/24/16 03:00:00 PM,13.714,,,,
1574,04/24/16 03:15:00 PM,13.738,,,,
1575,04/24/16 03:30:00 PM,13.786,,,,
1576,04/24/16 03:45:00 PM,13.738,,,,
1577,04/24/16 04:00:00 PM,13.762,,,,
1578,04/24/16 04:15:00 PM,13.666,,,,
1579,04/24/16 04:30:00 PM,13.690,,,,
1580,04/24/16 04:45:00 PM,13.594,,,,
1581,04/24/16 05:00:00 PM,13.642,,,,
1582,04/24/16 05:15:00 PM,13.666,,,,
1583,04/24/16 05:30:00 PM,13.522,,,,
1584,04/24/16 05:45:00 PM,13.497,,,,
1585,04/24/16 06:00:00 PM,13.497,,,,
1586,04/24/16 06:15:00 PM,13.497,,,,
1587,04/24/16 06:30:00 PM,13.401,,,,
1588,04/24/16 06:45:00 PM,13.329,,,,
1589,04/24/16 07:00:00 PM,13.353,,,,
1590,04/24/16 07:15:00 PM,13.377,,,,
1591,04/24/16 07:30:00 PM,13.064,,,,
1592,04/24/16 07:45:00 PM,13.040,,,,
1593,04/24/16 08:00:00 PM,12.799,,,,
1594,04/24/16 08:15:00 PM,12.968,,,,
1595,04/24/16 08:30:00 PM,12.799,,,,
1596,04/24/16 08:45:00 PM,12.896,,,,
1597,04/24/16 09:00:00 PM,12.847,,,,
1598,04/24/16 09:15:00 PM,13.088,,,,
1599,04/24/16 09:30:00 PM,13.161,,,,
1600,04/24/16 09:45:00 PM,13.016,,,,
1601,04/24/16 10:00:00 PM,13.161,,,,
1602,04/24/16 10:15:00 PM,13.161,,,,
1603,04/24/16 10:30:00 PM,13.185,,,,
1604,04/24/16 10:45:00 PM,13.209,,,,
1605,04/24/16 11:00:00 PM,13.209,,,,
1606,04/24/16 11:15:00 PM,13.185,,,,
1607,04/24/16 11:30:00 PM,13.185,,,,
1608,04/24/16 11:45:00 PM,13.209,,,,
1609,04/25/16 12:00:00 AM,13.209,,,,
1610,04/25/16 12:15:00 AM,13.233,,,,
1611,04/25/16 12:30:00 AM,13.233,,,,
1612,04/25/16 12:45:00 AM,13.209,,,,
1613,04/25/16 01:00:00 AM,13.209,,,,
1614,04/25/16 01:15:00 AM,13.185,,,,
1615,04/25/16 01:30:00 AM,13.185,,,,
1616,04/25/16 01:45:00 AM,13.185,,,,
1617,04/25/16 02:00:00 AM,13.185,,,,
1618,04/25/16 02:15:00 AM,13.161,,,,
1619,04/25/16 02:30:00 AM,13.137,,,,
1620,04/25/16 02:45:00 AM,13.137,,,,
1621,04/25/16 03:00:00 AM,13.112,,,,
1622,04/25/16 03:15:00 AM,13.088,,,,
1623,04/25/16 03:30:00 AM,13.088,,,,
1624,04/25/16 03:45:00 AM,13.064,,,,
1625,04/25/16 04:00:00 AM,13.064,,,,
1626,04/25/16 04:15:00 AM,13.040,,,,
1627,04/25/16 04:30:00 AM,13.040,,,,
1628,04/25/16 04:45:00 AM,13.016,,,,
1629,04/25/16 05:00:00 AM,13.016,,,,
1630,04/25/16 05:15:00 AM,12.992,,,,
1631,04/25/16 05:30:00 AM,12.968,,,,
1632,04/25/16 05:45:00 AM,12.896,,,,
1633,04/25/16 06:00:00 AM,12.751,,,,
1634,04/25/16 06:15:00 AM,12.582,,,,
1635,04/25/16 06:30:00 AM,12.292,,,,
1636,04/25/16 06:45:00 AM,10.810,,,,
1637,04/25/16 07:00:00 AM,11.540,,,,
1638,04/25/16 07:15:00 AM,11.613,,,,
1639,04/25/16 07:30:00 AM,10.247,,,,
1640,04/25/16 07:45:00 AM,10.956,,,,
1641,04/25/16 08:00:00 AM,10.296,,,,
1642,04/25/16 08:15:00 AM,10.222,,,,
1643,04/25/16 08:30:00 AM,10.712,,,,
1644,04/25/16 08:45:00 AM,12.823,,,,
1645,04/25/16 09:00:00 AM,14.170,,,,
1646,04/25/16 09:15:00 AM,15.939,,,,
1647,04/25/16 09:30:00 AM,15.342,,,,
1648,04/25/16 09:45:00 AM,14.625,,,,
1649,04/25/16 10:00:00 AM,14.721,,,,
1650,04/25/16 10:15:00 AM,14.625,,,,
1651,04/25/16 10:30:00 AM,13.546,,,,
1652,04/25/16 10:45:00 AM,12.678,,,,
1653,04/25/16 11:00:00 AM,13.714,,,,
1654,04/25/16 11:15:00 AM,14.002,,,,
1655,04/25/16 11:30:00 AM,14.146,,,,
1656,04/25/16 11:45:00 AM,13.738,,,,
1657,04/25/16 12:00:00 PM,13.786,,,,
1658,04/25/16 12:15:00 PM,13.618,,,,
1659,04/25/16 12:30:00 PM,13.570,,,,
1660,04/25/16 12:45:00 PM,13.618,,,,
1661,04/25/16 01:00:00 PM,13.618,,,,
1662,04/25/16 01:15:00 PM,13.642,,,,
1663,04/25/16 01:30:00 PM,13.570,,,,
1664,04/25/16 01:45:00 PM,13.618,,,,
1665,04/25/16 02:00:00 PM,13.594,,,,
1666,04/25/16 02:15:00 PM,13.546,,,,
1667,04/25/16 02:30:00 PM,13.594,,,,
1668,04/25/16 02:45:00 PM,13.570,,,,
1669,04/25/16 03:00:00 PM,13.594,,,,
1670,04/25/16 03:15:00 PM,13.618,,,,
1671,04/25/16 03:30:00 PM,13.666,,,,
1672,04/25/16 03:45:00 PM,13.666,,,,
1673,04/25/16 04:00:00 PM,13.690,,,,
1674,04/25/16 04:15:00 PM,13.666,,,,
1675,04/25/16 04:30:00 PM,13.690,,,,
1676,04/25/16 04:45:00 PM,13.666,,,,
1677,04/25/16 05:00:00 PM,13.642,,,,
1678,04/25/16 05:15:00 PM,13.666,,,,
1679,04/25/16 05:30:00 PM,13.690,,,,
1680,04/25/16 05:45:00 PM,13.714,,,,
1681,04/25/16 06:00:00 PM,13.618,,,,
1682,04/25/16 06:15:00 PM,13.594,,,,
1683,04/25/16 06:30:00 PM,13.522,,,,
1684,04/25/16 06:45:00 PM,13.522,,,,
1685,04/25/16 07:00:00 PM,13.473,,,,
1686,04/25/16 07:15:00 PM,13.425,,,,
1687,04/25/16 07:30:00 PM,13.425,,,,
1688,04/25/16 07:45:00 PM,13.353,,,,
1689,04/25/16 08:00:00 PM,13.329,,,,
1690,04/25/16 08:15:00 PM,13.305,,,,
1691,04/25/16 08:30:00 PM,13.281,,,,
1692,04/25/16 08:45:00 PM,13.233,,,,
1693,04/25/16 09:00:00 PM,13.185,,,,
1694,04/25/16 09:15:00 PM,13.305,,,,
1695,04/25/16 09:30:00 PM,13.329,,,,
1696,04/25/16 09:45:00 PM,13.305,,,,
1697,04/25/16 10:00:00 PM,13.257,,,,
1698,04/25/16 10:15:00 PM,13.305,,,,
1699,04/25/16 10:30:00 PM,13.305,,,,
1700,04/25/16 10:45:00 PM,13.329,,,,
1701,04/25/16 11:00:00 PM,13.329,,,,
1702,04/25/16 11:15:00 PM,13.281,,,,
1703,04/25/16 11:30:00 PM,13.281,,,,
1704,04/25/16 11:45:00 PM,13.257,,,,
1705,04/26/16 12:00:00 AM,13.209,,,,
1706,04/26/16 12:15:00 AM,13.185,,,,
1707,04/26/16 12:30:00 AM,13.161,,,,
1708,04/26/16 12:45:00 AM,13.137,,,,
1709,04/26/16 01:00:00 AM,13.112,,,,
1710,04/26/16 01:15:00 AM,13.112,,,,
1711,04/26/16 01:30:00 AM,13.161,,,,
1712,04/26/16 01:45:00 AM,13.161,,,,
1713,04/26/16 02:00:00 AM,13.112,,,,
1714,04/26/16 02:15:00 AM,13.112,,,,
1715,04/26/16 02:30:00 AM,13.112,,,,
1716,04/26/16 02:45:00 AM,13.088,,,,
1717,04/26/16 03:00:00 AM,13.064,,,,
1718,04/26/16 03:15:00 AM,13.040,,,,
1719,04/26/16 03:30:00 AM,13.016,,,,
1720,04/26/16 03:45:00 AM,12.968,,,,
1721,04/26/16 04:00:00 AM,12.920,,,,
1722,04/26/16 04:15:00 AM,12.896,,,,
1723,04/26/16 04:30:00 AM,12.871,,,,
1724,04/26/16 04:45:00 AM,12.823,,,,
1725,04/26/16 05:00:00 AM,12.799,,,,
1726,04/26/16 05:15:00 AM,12.751,,,,
1727,04/26/16 05:30:00 AM,12.703,,,,
1728,04/26/16 05:45:00 AM,12.678,,,,
1729,04/26/16 06:00:00 AM,12.630,,,,
1730,04/26/16 06:15:00 AM,12.582,,,,
1731,04/26/16 06:30:00 AM,12.534,,,,
1732,04/26/16 06:45:00 AM,12.316,,,,
1733,04/26/16 07:00:00 AM,11.807,,,,
1734,04/26/16 07:15:00 AM,12.243,,,,
1735,04/26/16 07:30:00 AM,11.589,,,,
1736,04/26/16 07:45:00 AM,11.224,,,,
1737,04/26/16 08:00:00 AM,11.078,,,,
1738,04/26/16 08:15:00 AM,11.419,,,,
1739,04/26/16 08:30:00 AM,11.492,,,,
1740,04/26/16 08:45:00 AM,9.977,,,,
1741,04/26/16 09:00:00 AM,12.195,,,,
1742,04/26/16 09:15:00 AM,11.783,,,,
1743,04/26/16 09:30:00 AM,11.759,,,,
1744,04/26/16 09:45:00 AM,13.618,,,,
1745,04/26/16 10:00:00 AM,14.002,,,,
1746,04/26/16 10:15:00 AM,15.414,,,,
1747,04/26/16 10:30:00 AM,15.963,,,,
1748,04/26/16 10:45:00 AM,18.295,,,,
1749,04/26/16 11:00:00 AM,16.915,,,,
1750,04/26/16 11:15:00 AM,16.082,,,,
1751,04/26/16 11:30:00 AM,15.127,,,,
1752,04/26/16 11:45:00 AM,13.449,,,,
1753,04/26/16 12:00:00 PM,13.497,,,,
1754,04/26/16 12:15:00 PM,13.401,,,,
1755,04/26/16 12:30:00 PM,13.305,,,,
1756,04/26/16 12:45:00 PM,13.185,,,,
1757,04/26/16 01:00:00 PM,13.233,,,,
1758,04/26/16 01:15:00 PM,13.185,,,,
1759,04/26/16 01:30:00 PM,13.161,,,,
1760,04/26/16 01:45:00 PM,13.161,,,,
1761,04/26/16 02:00:00 PM,13.161,,,,
1762,04/26/16 02:15:00 PM,13.185,,,,
1763,04/26/16 02:30:00 PM,13.185,,,,
1764,04/26/16 02:45:00 PM,13.185,,,,
1765,04/26/16 03:00:00 PM,13.185,,,,
1766,04/26/16 03:15:00 PM,13.161,,,,
1767,04/26/16 03:30:00 PM,13.161,,,,
1768,04/26/16 03:45:00 PM,13.161,,,,
1769,04/26/16 04:00:00 PM,13.209,,,,
1770,04/26/16 04:15:00 PM,13.209,,,,
1771,04/26/16 04:30:00 PM,13.209,,,,
1772,04/26/16 04:45:00 PM,13.185,,,,
1773,04/26/16 05:00:00 PM,13.185,,,,
1774,04/26/16 05:15:00 PM,13.161,,,,
1775,04/26/16 05:30:00 PM,13.137,,,,
1776,04/26/16 05:45:00 PM,13.112,,,,
1777,04/26/16 06:00:00 PM,13.112,,,,
1778,04/26/16 06:15:00 PM,13.064,,,,
1779,04/26/16 06:30:00 PM,13.088,,,,
1780,04/26/16 06:45:00 PM,13.137,,,,
1781,04/26/16 07:00:00 PM,13.112,,,,
1782,04/26/16 07:15:00 PM,13.137,,,,
1783,04/26/16 07:30:00 PM,13.088,,,,
1784,04/26/16 07:45:00 PM,13.016,,,,
1785,04/26/16 08:00:00 PM,12.944,,,,
1786,04/26/16 08:15:00 PM,12.920,,,,
1787,04/26/16 08:30:00 PM,12.847,,,,
1788,04/26/16 08:45:00 PM,12.823,,,,
1789,04/26/16 09:00:00 PM,12.823,,,,
1790,04/26/16 09:15:00 PM,12.896,,,,
1791,04/26/16 09:30:00 PM,12.871,,,,
1792,04/26/16 09:45:00 PM,12.823,,,,
1793,04/26/16 10:00:00 PM,12.775,,,,
1794,04/26/16 10:15:00 PM,12.823,,,,
1795,04/26/16 10:30:00 PM,12.703,,,,
1796,04/26/16 10:45:00 PM,12.799,,,,
1797,04/26/16 11:00:00 PM,12.775,,,,
1798,04/26/16 11:15:00 PM,12.630,,,,
1799,04/26/16 11:30:00 PM,12.775,,,,
1800,04/26/16 11:45:00 PM,12.799,,,,
1801,04/27/16 12:00:00 AM,12.799,,,,
1802,04/27/16 12:15:00 AM,12.775,,,,
1803,04/27/16 12:30:00 AM,12.799,,,,
1804,04/27/16 12:45:00 AM,12.775,,,,
1805,04/27/16 01:00:00 AM,12.799,,,,
1806,04/27/16 01:15:00 AM,12.775,,,,
1807,04/27/16 01:30:00 AM,12.799,,,,
1808,04/27/16 01:45:00 AM,12.799,,,,
1809,04/27/16 02:00:00 AM,12.799,,,,
1810,04/27/16 02:15:00 AM,12.799,,,,
1811,04/27/16 02:30:00 AM,12.799,,,,
1812,04/27/16 02:45:00 AM,12.775,,,,
1813,04/27/16 03:00:00 AM,12.775,,,,
1814,04/27/16 03:15:00 AM,12.775,,,,
1815,04/27/16 03:30:00 AM,12.751,,,,
1816,04/27/16 03:45:00 AM,12.751,,,,
1817,04/27/16 04:00:00 AM,12.751,,,,
1818,04/27/16 04:15:00 AM,12.727,,,,
1819,04/27/16 04:30:00 AM,12.727,,,,
1820,04/27/16 04:45:00 AM,12.727,,,,
1821,04/27/16 05:00:00 AM,12.727,,,,
1822,04/27/16 05:15:00 AM,12.751,,,,
1823,04/27/16 05:30:00 AM,12.775,,,,
1824,04/27/16 05:45:00 AM,12.751,,,,
1825,04/27/16 06:00:00 AM,12.727,,,,
1826,04/27/16 06:15:00 AM,12.703,,,,
1827,04/27/16 06:30:00 AM,12.678,,,,
1828,04/27/16 06:45:00 AM,12.678,,,,
1829,04/27/16 07:00:00 AM,12.703,,,,
1830,04/27/16 07:15:00 AM,12.485,,,,
1831,04/27/16 07:30:00 AM,12.558,,,,
1832,04/27/16 07:45:00 AM,12.389,,,,
1833,04/27/16 08:00:00 AM,11.394,,,,
1834,04/27/16 08:15:00 AM,11.540,,,,
1835,04/27/16 08:30:00 AM,10.785,,,,
1836,04/27/16 08:45:00 AM,10.541,,,,
1837,04/27/16 09:00:00 AM,10.247,,,,
1838,04/27/16 09:15:00 AM,10.590,,,,
1839,04/27/16 09:30:00 AM,10.712,,,,
1840,04/27/16 09:45:00 AM,10.980,,,,
1841,04/27/16 10:00:00 AM,11.589,,,,
1842,04/27/16 10:15:00 AM,11.662,,,,
1843,04/27/16 10:30:00 AM,12.461,,,,
1844,04/27/16 10:45:00 AM,12.654,,,,
1845,04/27/16 11:00:00 AM,13.522,,,,
1846,04/27/16 11:15:00 AM,15.151,,,,
1847,04/27/16 11:30:00 AM,14.960,,,,
1848,04/27/16 11:45:00 AM,15.223,,,,
1849,04/27/16 12:00:00 PM,15.724,,,,
1850,04/27/16 12:15:00 PM,14.457,,,,
1851,04/27/16 12:30:00 PM,13.738,,,,
1852,04/27/16 12:45:00 PM,13.185,,,,
1853,04/27/16 01:00:00 PM,13.353,,,,
1854,04/27/16 01:15:00 PM,13.209,,,,
1855,04/27/16 01:30:00 PM,13.161,,,,
1856,04/27/16 01:45:00 PM,13.137,,,,
1857,04/27/16 02:00:00 PM,13.088,,,,
1858,04/27/16 02:15:00 PM,13.137,,,,
1859,04/27/16 02:30:00 PM,13.161,,,,
1860,04/27/16 02:45:00 PM,13.233,,,,
1861,04/27/16 03:00:00 PM,13.233,,,,
1862,04/27/16 03:15:00 PM,13.233,,,,
1863,04/27/16 03:30:00 PM,13.161,,,,
1864,04/27/16 03:45:00 PM,13.161,,,,
1865,04/27/16 04:00:00 PM,13.185,,,,
1866,04/27/16 04:15:00 PM,13.209,,,,
1867,04/27/16 04:30:00 PM,13.209,,,,
1868,04/27/16 04:45:00 PM,13.185,,,,
1869,04/27/16 05:00:00 PM,13.137,,,,
1870,04/27/16 05:15:00 PM,13.112,,,,
1871,04/27/16 05:30:00 PM,13.137,,,,
1872,04/27/16 05:45:00 PM,13.112,,,,
1873,04/27/16 06:00:00 PM,13.137,,,,
1874,04/27/16 06:15:00 PM,13.137,,,,
1875,04/27/16 06:30:00 PM,13.161,,,,
1876,04/27/16 06:45:00 PM,13.137,,,,
1877,04/27/16 07:00:00 PM,13.112,,,,
1878,04/27/16 07:15:00 PM,13.088,,,,
1879,04/27/16 07:30:00 PM,13.040,,,,
1880,04/27/16 07:45:00 PM,13.040,,,,
1881,04/27/16 08:00:00 PM,13.016,,,,
1882,04/27/16 08:15:00 PM,13.016,,,,
1883,04/27/16 08:30:00 PM,13.016,,,,
1884,04/27/16 08:45:00 PM,13.016,,,,
1885,04/27/16 09:00:00 PM,13.016,,,,
1886,04/27/16 09:15:00 PM,13.040,,,,
1887,04/27/16 09:30:00 PM,12.944,,,,
1888,04/27/16 09:45:00 PM,13.040,,,,
1889,04/27/16 10:00:00 PM,13.016,,,,
1890,04/27/16 10:15:00 PM,13.016,,,,
1891,04/27/16 10:30:00 PM,12.992,,,,
1892,04/27/16 10:45:00 PM,13.016,,,,
1893,04/27/16 11:00:00 PM,13.016,,,,
1894,04/27/16 11:15:00 PM,13.016,,,,
1895,04/27/16 11:30:00 PM,13.016,,,,
1896,04/27/16 11:45:00 PM,13.016,,,,
1897,04/28/16 12:00:00 AM,12.992,,,,
1898,04/28/16 12:15:00 AM,12.992,,,,
1899,04/28/16 12:30:00 AM,12.968,,,,
1900,04/28/16 12:45:00 AM,12.944,,,,
1901,04/28/16 01:00:00 AM,12.944,,,,
1902,04/28/16 01:15:00 AM,12.920,,,,
1903,04/28/16 01:30:00 AM,12.920,,,,
1904,04/28/16 01:45:00 AM,12.896,,,,
1905,04/28/16 02:00:00 AM,12.896,,,,
1906,04/28/16 02:15:00 AM,12.871,,,,
1907,04/28/16 02:30:00 AM,12.871,,,,
1908,04/28/16 02:45:00 AM,12.871,,,,
1909,04/28/16 03:00:00 AM,12.896,,,,
1910,04/28/16 03:15:00 AM,12.896,,,,
1911,04/28/16 03:30:00 AM,12.896,,,,
1912,04/28/16 03:45:00 AM,12.896,,,,
1913,04/28/16 04:00:00 AM,12.896,,,,
1914,04/28/16 04:15:00 AM,12.871,,,,
1915,04/28/16 04:30:00 AM,12.871,,,,
1916,04/28/16 04:45:00 AM,12.871,,,,
1917,04/28/16 05:00:00 AM,12.896,,,,
1918,04/28/16 05:15:00 AM,12.896,,,,
1919,04/28/16 05:30:00 AM,12.896,,,,
1920,04/28/16 05:45:00 AM,12.871,,,,
1921,04/28/16 06:00:00 AM,12.847,,,,
1922,04/28/16 06:15:00 AM,12.823,,,,
1923,04/28/16 06:30:00 AM,12.799,,,,
1924,04/28/16 06:45:00 AM,12.799,,,,
1925,04/28/16 07:00:00 AM,12.799,,,,
1926,04/28/16 07:15:00 AM,12.799,,,,
1927,04/28/16 07:30:00 AM,12.775,,,,
1928,04/28/16 07:45:00 AM,12.799,,,,
1929,04/28/16 08:00:00 AM,12.775,,,,
1930,04/28/16 08:15:00 AM,12.799,,,,
1931,04/28/16 08:30:00 AM,13.088,,,,
1932,04/28/16 08:45:00 AM,12.847,,,,
1933,04/28/16 09:00:00 AM,13.257,,,,
1934,04/28/16 09:15:00 AM,13.425,,,,
1935,04/28/16 09:30:00 AM,13.112,,,,
1936,04/28/16 09:45:00 AM,14.002,,,,
1937,04/28/16 10:00:00 AM,13.930,,,,
1938,04/28/16 10:15:00 AM,14.721,,,,
1939,04/28/16 10:30:00 AM,15.366,,,,
1940,04/28/16 10:45:00 AM,17.177,,,,
1941,04/28/16 11:00:00 AM,18.390,,,,
1942,04/28/16 11:15:00 AM,18.699,,,,
1943,04/28/16 11:30:00 AM,19.103,,,,
1944,04/28/16 11:45:00 AM,16.820,,,,
1945,04/28/16 12:00:00 PM,19.698,,,,
1946,04/28/16 12:15:00 PM,16.701,,,,
1947,04/28/16 12:30:00 PM,15.390,,,,
1948,04/28/16 12:45:00 PM,15.557,,,,
1949,04/28/16 01:00:00 PM,14.721,,,,
1950,04/28/16 01:15:00 PM,14.314,,,,
1951,04/28/16 01:30:00 PM,13.690,,,,
1952,04/28/16 01:45:00 PM,13.690,,,,
1953,04/28/16 02:00:00 PM,14.074,,,,
1954,04/28/16 02:15:00 PM,13.666,,,,
1955,04/28/16 02:30:00 PM,13.690,,,,
1956,04/28/16 02:45:00 PM,13.570,,,,
1957,04/28/16 03:00:00 PM,13.546,,,,
1958,04/28/16 03:15:00 PM,13.522,,,,
1959,04/28/16 03:30:00 PM,13.425,,,,
1960,04/28/16 03:45:00 PM,13.377,,,,
1961,04/28/16 04:00:00 PM,13.401,,,,
1962,04/28/16 04:15:00 PM,13.377,,,,
1963,04/28/16 04:30:00 PM,13.377,,,,
1964,04/28/16 04:45:00 PM,13.401,,,,
1965,04/28/16 05:00:00 PM,13.425,,,,
1966,04/28/16 05:15:00 PM,13.449,,,,
1967,04/28/16 05:30:00 PM,13.449,,,,
1968,04/28/16 05:45:00 PM,13.449,,,,
1969,04/28/16 06:00:00 PM,13.425,,,,
1970,04/28/16 06:15:00 PM,13.377,,,,
1971,04/28/16 06:30:00 PM,13.353,,,,
1972,04/28/16 06:45:00 PM,13.305,,,,
1973,04/28/16 07:00:00 PM,13.281,,,,
1974,04/28/16 07:15:00 PM,13.233,,,,
1975,04/28/16 07:30:00 PM,13.209,,,,
1976,04/28/16 07:45:00 PM,13.161,,,,
1977,04/28/16 08:00:00 PM,13.137,,,,
1978,04/28/16 08:15:00 PM,13.112,,,,
1979,04/28/16 08:30:00 PM,13.112,,,,
1980,04/28/16 08:45:00 PM,13.112,,,,
1981,04/28/16 09:00:00 PM,13.112,,,,
1982,04/28/16 09:15:00 PM,13.088,,,,
1983,04/28/16 09:30:00 PM,13.064,,,,
1984,04/28/16 09:45:00 PM,13.040,,,,
1985,04/28/16 10:00:00 PM,13.016,,,,
1986,04/28/16 10:15:00 PM,13.016,,,,
1987,04/28/16 10:30:00 PM,12.968,,,,
1988,04/28/16 10:45:00 PM,12.920,,,,
1989,04/28/16 11:00:00 PM,12.920,,,,
1990,04/28/16 11:15:00 PM,12.920,,,,
1991,04/28/16 11:30:00 PM,12.920,,,,
1992,04/28/16 11:45:00 PM,12.920,,,,
1993,04/29/16 12:00:00 AM,12.920,,,,
1994,04/29/16 12:15:00 AM,12.944,,,,
1995,04/29/16 12:30:00 AM,12.968,,,,
1996,04/29/16 12:45:00 AM,12.944,,,,
1997,04/29/16 01:00:00 AM,12.920,,,,
1998,04/29/16 01:15:00 AM,12.920,,,,
1999,04/29/16 01:30:00 AM,12.920,,,,
2000,04/29/16 01:45:00 AM,12.896,,,,
2001,04/29/16 02:00:00 AM,12.920,,,,
2002,04/29/16 02:15:00 AM,12.920,,,,
2003,04/29/16 02:30:00 AM,12.920,,,,
2004,04/29/16 02:45:00 AM,12.920,,,,
2005,04/29/16 03:00:00 AM,12.944,,,,
2006,04/29/16 03:15:00 AM,12.920,,,,
2007,04/29/16 03:30:00 AM,12.920,,,,
2008,04/29/16 03:45:00 AM,12.920,,,,
2009,04/29/16 04:00:00 AM,12.920,,,,
2010,04/29/16 04:15:00 AM,12.920,,,,
2011,04/29/16 04:30:00 AM,12.944,,,,
2012,04/29/16 04:45:00 AM,12.944,,,,
2013,04/29/16 05:00:00 AM,12.920,,,,
2014,04/29/16 05:15:00 AM,12.871,,,,
2015,04/29/16 05:30:00 AM,12.871,,,,
2016,04/29/16 05:45:00 AM,12.896,,,,
2017,04/29/16 06:00:00 AM,12.871,,,,
2018,04/29/16 06:15:00 AM,12.896,,,,
2019,04/29/16 06:30:00 AM,12.871,,,,
2020,04/29/16 06:45:00 AM,12.896,,,,
2021,04/29/16 07:00:00 AM,12.920,,,,
2022,04/29/16 07:15:00 AM,12.944,,,,
2023,04/29/16 07:30:00 AM,12.944,,,,
2024,04/29/16 07:45:00 AM,12.944,,,,
2025,04/29/16 08:00:00 AM,12.920,,,,
2026,04/29/16 08:15:00 AM,12.920,,,,
2027,04/29/16 08:30:00 AM,12.920,,,,
2028,04/29/16 08:45:00 AM,12.920,,,,
2029,04/29/16 09:00:00 AM,12.920,,,,
2030,04/29/16 09:15:00 AM,13.016,,,,
2031,04/29/16 09:30:00 AM,12.968,,,,
2032,04/29/16 09:45:00 AM,13.161,,,,
2033,04/29/16 10:00:00 AM,13.353,,,,
2034,04/29/16 10:15:00 AM,13.353,,,,
2035,04/29/16 10:30:00 AM,13.546,,,,
2036,04/29/16 10:45:00 AM,13.546,,,,
2037,04/29/16 11:00:00 AM,13.762,,,,
2038,04/29/16 11:15:00 AM,13.882,,,,
2039,04/29/16 11:30:00 AM,14.337,,,,
2040,04/29/16 11:45:00 AM,14.673,,,,
2041,04/29/16 12:00:00 PM,14.745,,,,
2042,04/29/16 12:15:00 PM,15.151,,,,
2043,04/29/16 12:30:00 PM,15.485,,,,
2044,04/29/16 12:45:00 PM,15.748,,,,
2045,04/29/16 01:00:00 PM,16.058,,,,
2046,04/29/16 01:15:00 PM,15.008,,,,
2047,04/29/16 01:30:00 PM,15.963,,,,
2048,04/29/16 01:45:00 PM,15.366,,,,
2049,04/29/16 02:00:00 PM,14.745,,,,
2050,04/29/16 02:15:00 PM,13.834,,,,
2051,04/29/16 02:30:00 PM,13.690,,,,
2052,04/29/16 02:45:00 PM,13.233,,,,
2053,04/29/16 03:00:00 PM,13.233,,,,
2054,04/29/16 03:15:00 PM,13.377,,,,
2055,04/29/16 03:30:00 PM,13.473,,,,
2056,04/29/16 03:45:00 PM,13.329,,,,
2057,04/29/16 04:00:00 PM,13.353,,,,
2058,04/29/16 04:15:00 PM,13.305,,,,
2059,04/29/16 04:30:00 PM,13.353,,,,
2060,04/29/16 04:45:00 PM,13.353,,,,
2061,04/29/16 05:00:00 PM,13.305,,,,
2062,04/29/16 05:15:00 PM,13.329,,,,
2063,04/29/16 05:30:00 PM,13.281,,,,
2064,04/29/16 05:45:00 PM,13.257,,,,
2065,04/29/16 06:00:00 PM,13.233,,,,
2066,04/29/16 06:15:00 PM,13.161,,,,
2067,04/29/16 06:30:00 PM,13.185,,,,
2068,04/29/16 06:45:00 PM,13.185,,,,
2069,04/29/16 07:00:00 PM,13.185,,,,
2070,04/29/16 07:15:00 PM,13.209,,,,
2071,04/29/16 07:30:00 PM,13.209,,,,
2072,04/29/16 07:45:00 PM,13.185,,,,
2073,04/29/16 08:00:00 PM,13.161,,,,
2074,04/29/16 08:15:00 PM,13.161,,,,
2075,04/29/16 08:30:00 PM,13.137,,,,
2076,04/29/16 08:45:00 PM,13.112,,,,
2077,04/29/16 09:00:00 PM,13.088,,,,
2078,04/29/16 09:15:00 PM,13.088,,,,
2079,04/29/16 09:30:00 PM,13.040,,,,
2080,04/29/16 09:45:00 PM,13.040,,,,
2081,04/29/16 10:00:00 PM,13.016,,,,
2082,04/29/16 10:15:00 PM,12.992,,,,
2083,04/29/16 10:30:00 PM,12.968,,,,
2084,04/29/16 10:45:00 PM,12.920,,,,
2085,04/29/16 11:00:00 PM,12.920,,,,
2086,04/29/16 11:15:00 PM,12.847,,,,
2087,04/29/16 11:30:00 PM,12.847,,,,
2088,04/29/16 11:45:00 PM,12.799,,,,
2089,04/30/16 12:00:00 AM,12.775,,,,
2090,04/30/16 12:15:00 AM,12.703,,,,
2091,04/30/16 12:30:00 AM,12.703,,,,
2092,04/30/16 12:45:00 AM,12.630,,,,
2093,04/30/16 01:00:00 AM,12.582,,,,
2094,04/30/16 01:15:00 AM,12.582,,,,
2095,04/30/16 01:30:00 AM,12.534,,,,
2096,04/30/16 01:45:00 AM,12.509,,,,
2097,04/30/16 02:00:00 AM,12.534,,,,
2098,04/30/16 02:15:00 AM,12.509,,,,
2099,04/30/16 02:30:00 AM,12.509,,,,
2100,04/30/16 02:45:00 AM,12.485,,,,
2101,04/30/16 03:00:00 AM,12.509,,,,
2102,04/30/16 03:15:00 AM,12.485,,,,
2103,04/30/16 03:30:00 AM,12.485,,,,
2104,04/30/16 03:45:00 AM,12.461,,,,
2105,04/30/16 04:00:00 AM,12.485,,,,
2106,04/30/16 04:15:00 AM,12.461,,,,
2107,04/30/16 04:30:00 AM,12.437,,,,
2108,04/30/16 04:45:00 AM,12.413,,,,
2109,04/30/16 05:00:00 AM,12.413,,,,
2110,04/30/16 05:15:00 AM,12.413,,,,
2111,04/30/16 05:30:00 AM,12.413,,,,
2112,04/30/16 05:45:00 AM,12.413,,,,
2113,04/30/16 06:00:00 AM,12.413,,,,
2114,04/30/16 06:15:00 AM,12.413,,,,
2115,04/30/16 06:30:00 AM,12.413,,,,
2116,04/30/16 06:45:00 AM,12.413,,,,
2117,04/30/16 07:00:00 AM,12.413,,,,
2118,04/30/16 07:15:00 AM,12.413,,,,
2119,04/30/16 07:30:00 AM,12.413,,,,
2120,04/30/16 07:45:00 AM,12.389,,,,
2121,04/30/16 08:00:00 AM,12.340,,,,
2122,04/30/16 08:15:00 AM,12.364,,,,
2123,04/30/16 08:30:00 AM,12.413,,,,
2124,04/30/16 08:45:00 AM,12.485,,,,
2125,04/30/16 09:00:00 AM,12.461,,,,
2126,04/30/16 09:15:00 AM,12.678,,,,
2127,04/30/16 09:30:00 AM,12.582,,,,
2128,04/30/16 09:45:00 AM,12.630,,,,
2129,04/30/16 10:00:00 AM,12.654,,,,
2130,04/30/16 10:15:00 AM,12.799,,,,
2131,04/30/16 10:30:00 AM,13.281,,,,
2132,04/30/16 10:45:00 AM,13.401,,,,
2133,04/30/16 11:00:00 AM,13.714,,,,
2134,04/30/16 11:15:00 AM,13.762,,,,
2135,04/30/16 11:30:00 AM,13.978,,,,
2136,04/30/16 11:45:00 AM,14.337,,,,
2137,04/30/16 12:00:00 PM,14.529,,,,
2138,04/30/16 12:15:00 PM,14.601,,,,
2139,04/30/16 12:30:00 PM,14.840,,,,
2140,04/30/16 12:45:00 PM,14.768,,,,
2141,04/30/16 01:00:00 PM,15.031,,,,
2142,04/30/16 01:15:00 PM,14.936,,,,
2143,04/30/16 01:30:00 PM,15.151,,,,
2144,04/30/16 01:45:00 PM,14.721,,,,
2145,04/30/16 02:00:00 PM,14.960,,,,
2146,04/30/16 02:15:00 PM,14.266,,,,
2147,04/30/16 02:30:00 PM,14.218,,,,
2148,04/30/16 02:45:00 PM,14.050,,,,
2149,04/30/16 03:00:00 PM,13.858,,,,
2150,04/30/16 03:15:00 PM,13.786,,,,
2151,04/30/16 03:30:00 PM,13.858,,,,
2152,04/30/16 03:45:00 PM,13.714,,,,
2153,04/30/16 04:00:00 PM,13.522,,,,
2154,04/30/16 04:15:00 PM,13.642,,,,
2155,04/30/16 04:30:00 PM,13.522,,,,
2156,04/30/16 04:45:00 PM,13.425,,,,
2157,04/30/16 05:00:00 PM,13.401,,,,
2158,04/30/16 05:15:00 PM,13.497,,,,
2159,04/30/16 05:30:00 PM,13.281,,,,
2160,04/30/16 05:45:00 PM,13.257,,,,
2161,04/30/16 06:00:00 PM,13.209,,,,
2162,04/30/16 06:15:00 PM,13.161,,,,
2163,04/30/16 06:30:00 PM,13.137,,,,
2164,04/30/16 06:45:00 PM,13.064,,,,
2165,04/30/16 07:00:00 PM,13.088,,,,
2166,04/30/16 07:15:00 PM,13.064,,,,
2167,04/30/16 07:30:00 PM,13.064,,,,
2168,04/30/16 07:45:00 PM,13.040,,,,
2169,04/30/16 08:00:00 PM,13.016,,,,
2170,04/30/16 08:15:00 PM,12.968,,,,
2171,04/30/16 08:30:00 PM,12.944,,,,
2172,04/30/16 08:45:00 PM,12.871,,,,
2173,04/30/16 09:00:00 PM,12.871,,,,
2174,04/30/16 09:15:00 PM,12.847,,,,
2175,04/30/16 09:30:00 PM,12.823,,,,
2176,04/30/16 09:45:00 PM,12.775,,,,
2177,04/30/16 10:00:00 PM,12.727,,,,
2178,04/30/16 10:15:00 PM,12.703,,,,
2179,04/30/16 10:30:00 PM,12.654,,,,
2180,04/30/16 10:45:00 PM,12.606,,,,
2181,04/30/16 11:00:00 PM,12.582,,,,
2182,04/30/16 11:15:00 PM,12.534,,,,
2183,04/30/16 11:30:00 PM,12.413,,,,
2184,04/30/16 11:45:00 PM,12.437,,,,
2185,05/01/16 12:00:00 AM,12.389,,,,
2186,05/01/16 12:15:00 AM,12.340,,,,
2187,05/01/16 12:30:00 AM,12.292,,,,
2188,05/01/16 12:45:00 AM,12.292,,,,
2189,05/01/16 01:00:00 AM,12.243,,,,
2190,05/01/16 01:15:00 AM,12.219,,,,
2191,05/01/16 01:30:00 AM,12.195,,,,
2192,05/01/16 01:45:00 AM,12.098,,,,
2193,05/01/16 02:00:00 AM,12.098,,,,
2194,05/01/16 02:15:00 AM,12.074,,,,
2195,05/01/16 02:30:00 AM,12.025,,,,
2196,05/01/16 02:45:00 AM,12.001,,,,
2197,05/01/16 03:00:00 AM,12.001,,,,
2198,05/01/16 03:15:00 AM,11.977,,,,
2199,05/01/16 03:30:00 AM,11.953,,,,
2200,05/01/16 03:45:00 AM,11.929,,,,
2201,05/01/16 04:00:00 AM,11.929,,,,
2202,05/01/16 04:15:00 AM,11.904,,,,
2203,05/01/16 04:30:00 AM,11.856,,,,
2204,05/01/16 04:45:00 AM,11.856,,,,
2205,05/01/16 05:00:00 AM,11.832,,,,
2206,05/01/16 05:15:00 AM,11.832,,,,
2207,05/01/16 05:30:00 AM,11.807,,,,
2208,05/01/16 05:45:00 AM,11.783,,,,
2209,05/01/16 06:00:00 AM,11.759,,,,
2210,05/01/16 06:15:00 AM,11.734,,,,
2211,05/01/16 06:30:00 AM,11.734,,,,
2212,05/01/16 06:45:00 AM,11.710,,,,
2213,05/01/16 07:00:00 AM,11.710,,,,
2214,05/01/16 07:15:00 AM,11.662,,,,
2215,05/01/16 07:30:00 AM,11.662,,,,
2216,05/01/16 07:45:00 AM,11.662,,,,
2217,05/01/16 08:00:00 AM,11.710,,,,
2218,05/01/16 08:15:00 AM,11.686,,,,
2219,05/01/16 08:30:00 AM,11.710,,,,
2220,05/01/16 08:45:00 AM,11.734,,,,
2221,05/01/16 09:00:00 AM,11.759,,,,
2222,05/01/16 09:15:00 AM,11.832,,,,
2223,05/01/16 09:30:00 AM,11.929,,,,
2224,05/01/16 09:45:00 AM,11.929,,,,
2225,05/01/16 10:00:00 AM,11.953,,,,
2226,05/01/16 10:15:00 AM,12.050,,,,
2227,05/01/16 10:30:00 AM,12.001,,,,
2228,05/01/16 10:45:00 AM,12.147,,,,
2229,05/01/16 11:00:00 AM,12.268,,,,
2230,05/01/16 11:15:00 AM,12.509,,,,
2231,05/01/16 11:30:00 AM,12.630,,,,
2232,05/01/16 11:45:00 AM,12.606,,,,
2233,05/01/16 12:00:00 PM,12.558,,,,
2234,05/01/16 12:15:00 PM,13.016,,,,
2235,05/01/16 12:30:00 PM,14.553,,,,
2236,05/01/16 12:45:00 PM,16.177,,,,
2237,05/01/16 01:00:00 PM,17.415,,,,
2238,05/01/16 01:15:00 PM,16.558,,,,
2239,05/01/16 01:30:00 PM,16.344,,,,
2240,05/01/16 01:45:00 PM,16.725,,,,
2241,05/01/16 02:00:00 PM,16.558,,,,
2242,05/01/16 02:15:00 PM,18.390,,,,
2243,05/01/16 02:30:00 PM,17.344,,,,
2244,05/01/16 02:45:00 PM,16.010,,,,
2245,05/01/16 03:00:00 PM,18.224,,,,
2246,05/01/16 03:15:00 PM,20.531,,,,
2247,05/01/16 03:30:00 PM,14.912,,,,
2248,05/01/16 03:45:00 PM,15.008,,,,
2249,05/01/16 04:00:00 PM,14.673,,,,
2250,05/01/16 04:15:00 PM,13.882,,,,
2251,05/01/16 04:30:00 PM,13.161,,,,
2252,05/01/16 04:45:00 PM,12.678,,,,
2253,05/01/16 05:00:00 PM,13.040,,,,
2254,05/01/16 05:15:00 PM,12.461,,,,
2255,05/01/16 05:30:00 PM,12.558,,,,
2256,05/01/16 05:45:00 PM,12.485,,,,
2257,05/01/16 06:00:00 PM,12.485,,,,
2258,05/01/16 06:15:00 PM,12.437,,,,
2259,05/01/16 06:30:00 PM,12.413,,,,
2260,05/01/16 06:45:00 PM,12.389,,,,
2261,05/01/16 07:00:00 PM,12.364,,,,
2262,05/01/16 07:15:00 PM,12.364,,,,
2263,05/01/16 07:30:00 PM,12.364,,,,
2264,05/01/16 07:45:00 PM,12.340,,,,
2265,05/01/16 08:00:00 PM,12.243,,,,
2266,05/01/16 08:15:00 PM,12.171,,,,
2267,05/01/16 08:30:00 PM,12.122,,,,
2268,05/01/16 08:45:00 PM,12.122,,,,
2269,05/01/16 09:00:00 PM,12.147,,,,
2270,05/01/16 09:15:00 PM,12.147,,,,
2271,05/01/16 09:30:00 PM,12.195,,,,
2272,05/01/16 09:45:00 PM,12.195,,,,
2273,05/01/16 10:00:00 PM,12.195,,,,
2274,05/01/16 10:15:00 PM,12.147,,,,
2275,05/01/16 10:30:00 PM,12.147,,,,
2276,05/01/16 10:45:00 PM,12.147,,,,
2277,05/01/16 11:00:00 PM,12.122,,,,
2278,05/01/16 11:15:00 PM,12.122,,,,
2279,05/01/16 11:30:00 PM,12.098,,,,
2280,05/01/16 11:45:00 PM,12.098,,,,
2281,05/02/16 12:00:00 AM,12.074,,,,
2282,05/02/16 12:15:00 AM,12.074,,,,
2283,05/02/16 12:30:00 AM,12.050,,,,
2284,05/02/16 12:45:00 AM,12.050,,,,
2285,05/02/16 01:00:00 AM,12.074,,,,
2286,05/02/16 01:15:00 AM,12.050,,,,
2287,05/02/16 01:30:00 AM,12.050,,,,
2288,05/02/16 01:45:00 AM,12.098,,,,
2289,05/02/16 02:00:00 AM,12.147,,,,
2290,05/02/16 02:15:00 AM,12.243,,,,
2291,05/02/16 02:30:00 AM,12.292,,,,
2292,05/02/16 02:45:00 AM,12.389,,,,
2293,05/02/16 03:00:00 AM,12.437,,,,
2294,05/02/16 03:15:00 AM,12.534,,,,
2295,05/02/16 03:30:00 AM,12.534,,,,
2296,05/02/16 03:45:00 AM,12.582,,,,
2297,05/02/16 04:00:00 AM,12.558,,,,
2298,05/02/16 04:15:00 AM,12.582,,,,
2299,05/02/16 04:30:00 AM,12.558,,,,
2300,05/02/16 04:45:00 AM,12.534,,,,
2301,05/02/16 05:00:00 AM,12.509,,,,
2302,05/02/16 05:15:00 AM,12.509,,,,
2303,05/02/16 05:30:00 AM,12.485,,,,
2304,05/02/16 05:45:00 AM,12.485,,,,
2305,05/02/16 06:00:00 AM,12.485,,,,
2306,05/02/16 06:15:00 AM,12.485,,,,
2307,05/02/16 06:30:00 AM,12.509,,,,
2308,05/02/16 06:45:00 AM,12.485,,,,
2309,05/02/16 07:00:00 AM,12.485,,,,
2310,05/02/16 07:15:00 AM,12.509,,,,
2311,05/02/16 07:30:00 AM,12.534,,,,
2312,05/02/16 07:45:00 AM,12.582,,,,
2313,05/02/16 08:00:00 AM,12.630,,,,
2314,05/02/16 08:15:00 AM,12.678,,,,
2315,05/02/16 08:30:00 AM,12.703,,,,
2316,05/02/16 08:45:00 AM,12.727,,,,
2317,05/02/16 09:00:00 AM,12.896,,,,
2318,05/02/16 09:15:00 AM,12.968,,,,
2319,05/02/16 09:30:00 AM,13.040,,,,
2320,05/02/16 09:45:00 AM,13.016,,,,
2321,05/02/16 10:00:00 AM,13.064,,,,
2322,05/02/16 10:15:00 AM,13.112,,,,
2323,05/02/16 10:30:00 AM,13.112,,,,
2324,05/02/16 10:45:00 AM,13.112,,,,
2325,05/02/16 11:00:00 AM,13.137,,,,
2326,05/02/16 11:15:00 AM,13.209,,,,
2327,05/02/16 11:30:00 AM,13.305,,,,
2328,05/02/16 11:45:00 AM,13.522,,,,
2329,05/02/16 12:00:00 PM,13.449,,,,
2330,05/02/16 12:15:00 PM,13.570,,,,
2331,05/02/16 12:30:00 PM,13.570,,,,
2332,05/02/16 12:45:00 PM,13.642,,,,
2333,05/02/16 01:00:00 PM,13.834,,,,
2334,05/02/16 01:15:00 PM,14.170,,,,
2335,05/02/16 01:30:00 PM,14.266,,,,
2336,05/02/16 01:45:00 PM,14.337,,,,
2337,05/02/16 02:00:00 PM,14.529,,,,
2338,05/02/16 02:15:00 PM,16.034,,,,
2339,05/02/16 02:30:00 PM,16.225,,,,
2340,05/02/16 02:45:00 PM,16.892,,,,
2341,05/02/16 03:00:00 PM,17.368,,,,
2342,05/02/16 03:15:00 PM,17.177,,,,
2343,05/02/16 03:30:00 PM,17.439,,,,
2344,05/02/16 03:45:00 PM,17.106,,,,
2345,05/02/16 04:00:00 PM,16.558,,,,
2346,05/02/16 04:15:00 PM,14.840,,,,
2347,05/02/16 04:30:00 PM,15.342,,,,
2348,05/02/16 04:45:00 PM,15.247,,,,
2349,05/02/16 05:00:00 PM,14.721,,,,
2350,05/02/16 05:15:00 PM,13.882,,,,
2351,05/02/16 05:30:00 PM,13.810,,,,
2352,05/02/16 05:45:00 PM,13.786,,,,
2353,05/02/16 06:00:00 PM,13.738,,,,
2354,05/02/16 06:15:00 PM,13.714,,,,
2355,05/02/16 06:30:00 PM,13.714,,,,
2356,05/02/16 06:45:00 PM,13.690,,,,
2357,05/02/16 07:00:00 PM,13.714,,,,
2358,05/02/16 07:15:00 PM,13.690,,,,
2359,05/02/16 07:30:00 PM,13.666,,,,
2360,05/02/16 07:45:00 PM,13.666,,,,
2361,05/02/16 08:00:00 PM,13.642,,,,
2362,05/02/16 08:15:00 PM,13.642,,,,
2363,05/02/16 08:30:00 PM,13.618,,,,
2364,05/02/16 08:45:00 PM,13.618,,,,
2365,05/02/16 09:00:00 PM,13.618,,,,
2366,05/02/16 09:15:00 PM,13.618,,,,
2367,05/02/16 09:30:00 PM,13.618,,,,
2368,05/02/16 09:45:00 PM,13.618,,,,
2369,05/02/16 10:00:00 PM,13.618,,,,
2370,05/02/16 10:15:00 PM,13.594,,,,
2371,05/02/16 10:30:00 PM,13.594,,,,
2372,05/02/16 10:45:00 PM,13.594,,,,
2373,05/02/16 11:00:00 PM,13.570,,,,
2374,05/02/16 11:15:00 PM,13.570,,,,
2375,05/02/16 11:30:00 PM,13.570,,,,
2376,05/02/16 11:45:00 PM,13.570,,,,
2377,05/03/16 12:00:00 AM,13.570,,,,
2378,05/03/16 12:15:00 AM,13.570,,,,
2379,05/03/16 12:30:00 AM,13.546,,,,
2380,05/03/16 12:45:00 AM,13.546,,,,
2381,05/03/16 01:00:00 AM,13.546,,,,
2382,05/03/16 01:15:00 AM,13.546,,,,
2383,05/03/16 01:30:00 AM,13.546,,,,
2384,05/03/16 01:45:00 AM,13.546,,,,
2385,05/03/16 02:00:00 AM,13.546,,,,
2386,05/03/16 02:15:00 AM,13.497,,,,
2387,05/03/16 02:30:00 AM,13.473,,,,
2388,05/03/16 02:45:00 AM,13.449,,,,
2389,05/03/16 03:00:00 AM,13.329,,,,
2390,05/03/16 03:15:00 AM,13.064,,,,
2391,05/03/16 03:30:00 AM,12.968,,,,
2392,05/03/16 03:45:00 AM,13.040,,,,
2393,05/03/16 04:00:00 AM,12.992,,,,
2394,05/03/16 04:15:00 AM,13.064,,,,
2395,05/03/16 04:30:00 AM,12.896,,,,
2396,05/03/16 04:45:00 AM,13.377,,,,
2397,05/03/16 05:00:00 AM,13.040,,,,
2398,05/03/16 05:15:00 AM,13.425,,,,
2399,05/03/16 05:30:00 AM,13.449,,,,
2400,05/03/16 05:45:00 AM,13.497,,,,
2401,05/03/16 06:00:00 AM,13.473,,,,
2402,05/03/16 06:15:00 AM,13.546,,,,
2403,05/03/16 06:30:00 AM,13.570,,,,
2404,05/03/16 06:45:00 AM,13.570,,,,
2405,05/03/16 07:00:00 AM,13.594,,,,
2406,05/03/16 07:15:00 AM,13.618,,,,
2407,05/03/16 07:30:00 AM,13.642,,,,
2408,05/03/16 07:45:00 AM,13.666,,,,
2409,05/03/16 08:00:00 AM,13.690,,,,
2410,05/03/16 08:15:00 AM,13.714,,,,
2411,05/03/16 08:30:00 AM,13.738,,,,
2412,05/03/16 08:45:00 AM,13.738,,,,
2413,05/03/16 09:00:00 AM,13.762,,,,
2414,05/03/16 09:15:00 AM,13.810,,,,
2415,05/03/16 09:30:00 AM,13.834,,,,
2416,05/03/16 09:45:00 AM,13.882,,,,
2417,05/03/16 10:00:00 AM,13.858,,,,
2418,05/03/16 10:15:00 AM,13.858,,,,
2419,05/03/16 10:30:00 AM,13.882,,,,
2420,05/03/16 10:45:00 AM,13.906,,,,
2421,05/03/16 11:00:00 AM,13.930,,,,
2422,05/03/16 11:15:00 AM,13.954,,,,
2423,05/03/16 11:30:00 AM,14.002,,,,
2424,05/03/16 11:45:00 AM,14.050,,,,
2425,05/03/16 12:00:00 PM,14.242,,,,
2426,05/03/16 12:15:00 PM,14.098,,,,
2427,05/03/16 12:30:00 PM,14.194,,,,
2428,05/03/16 12:45:00 PM,14.266,,,,
2429,05/03/16 01:00:00 PM,14.146,,,,
2430,05/03/16 01:15:00 PM,14.337,,,,
2431,05/03/16 01:30:00 PM,14.170,,,,
2432,05/03/16 01:45:00 PM,14.146,,,,
2433,05/03/16 02:00:00 PM,14.457,,,,
2434,05/03/16 02:15:00 PM,14.649,,,,
2435,05/03/16 02:30:00 PM,15.652,,,,
2436,05/03/16 02:45:00 PM,15.318,,,,
2437,05/03/16 03:00:00 PM,15.700,,,,
2438,05/03/16 03:15:00 PM,16.272,,,,
2439,05/03/16 03:30:00 PM,17.177,,,,
2440,05/03/16 03:45:00 PM,17.891,,,,
2441,05/03/16 04:00:00 PM,16.415,,,,
2442,05/03/16 04:15:00 PM,15.772,,,,
2443,05/03/16 04:30:00 PM,15.175,,,,
2444,05/03/16 04:45:00 PM,14.457,,,,
2445,05/03/16 05:00:00 PM,14.314,,,,
2446,05/03/16 05:15:00 PM,13.786,,,,
2447,05/03/16 05:30:00 PM,13.978,,,,
2448,05/03/16 05:45:00 PM,13.786,,,,
2449,05/03/16 06:00:00 PM,13.906,,,,
2450,05/03/16 06:15:00 PM,13.954,,,,
2451,05/03/16 06:30:00 PM,14.002,,,,
2452,05/03/16 06:45:00 PM,14.002,,,,
2453,05/03/16 07:00:00 PM,13.954,,,,
2454,05/03/16 07:15:00 PM,14.002,,,,
2455,05/03/16 07:30:00 PM,14.026,,,,
2456,05/03/16 07:45:00 PM,14.002,,,,
2457,05/03/16 08:00:00 PM,14.002,,,,
2458,05/03/16 08:15:00 PM,14.002,,,,
2459,05/03/16 08:30:00 PM,13.978,,,,
2460,05/03/16 08:45:00 PM,13.978,,,,
2461,05/03/16 09:00:00 PM,13.978,,,,
2462,05/03/16 09:15:00 PM,13.954,,,,
2463,05/03/16 09:30:00 PM,13.954,,,,
2464,05/03/16 09:45:00 PM,13.954,,,,
2465,05/03/16 10:00:00 PM,13.954,,,,
2466,05/03/16 10:15:00 PM,13.954,,,,
2467,05/03/16 10:30:00 PM,13.930,,,,
2468,05/03/16 10:45:00 PM,13.930,,,,
2469,05/03/16 11:00:00 PM,13.906,,,,
2470,05/03/16 11:15:00 PM,13.906,,,,
2471,05/03/16 11:30:00 PM,13.882,,,,
2472,05/03/16 11:45:00 PM,13.882,,,,
2473,05/04/16 12:00:00 AM,13.882,,,,
2474,05/04/16 12:15:00 AM,13.858,,,,
2475,05/04/16 12:30:00 AM,13.858,,,,
2476,05/04/16 12:45:00 AM,13.858,,,,
2477,05/04/16 01:00:00 AM,13.858,,,,
2478,05/04/16 01:15:00 AM,13.834,,,,
2479,05/04/16 01:30:00 AM,13.858,,,,
2480,05/04/16 01:45:00 AM,13.810,,,,
2481,05/04/16 02:00:00 AM,13.738,,,,
2482,05/04/16 02:15:00 AM,13.810,,,,
2483,05/04/16 02:30:00 AM,13.618,,,,
2484,05/04/16 02:45:00 AM,13.473,,,,
2485,05/04/16 03:00:00 AM,13.209,,,,
2486,05/04/16 03:15:00 AM,12.920,,,,
2487,05/04/16 03:30:00 AM,12.871,,,,
2488,05/04/16 03:45:00 AM,12.630,,,,
2489,05/04/16 04:00:00 AM,12.534,,,,
2490,05/04/16 04:15:00 AM,12.799,,,,
2491,05/04/16 04:30:00 AM,12.461,,,,
2492,05/04/16 04:45:00 AM,12.389,,,,
2493,05/04/16 05:00:00 AM,12.219,,,,
2494,05/04/16 05:15:00 AM,12.147,,,,
2495,05/04/16 05:30:00 AM,12.025,,,,
2496,05/04/16 05:45:00 AM,12.025,,,,
2497,05/04/16 06:00:00 AM,12.074,,,,
2498,05/04/16 06:15:00 AM,12.243,,,,
2499,05/04/16 06:30:00 AM,13.064,,,,
2500,05/04/16 06:45:00 AM,13.137,,,,
2501,05/04/16 07:00:00 AM,13.305,,,,
2502,05/04/16 07:15:00 AM,13.425,,,,
2503,05/04/16 07:30:00 AM,13.377,,,,
2504,05/04/16 07:45:00 AM,13.353,,,,
2505,05/04/16 08:00:00 AM,13.353,,,,
2506,05/04/16 08:15:00 AM,13.329,,,,
2507,05/04/16 08:30:00 AM,13.329,,,,
2508,05/04/16 08:45:00 AM,13.257,,,,
2509,05/04/16 09:00:00 AM,13.209,,,,
2510,05/04/16 09:15:00 AM,13.233,,,,
2511,05/04/16 09:30:00 AM,13.209,,,,
2512,05/04/16 09:45:00 AM,13.161,,,,
2513,05/04/16 10:00:00 AM,13.161,,,,
2514,05/04/16 10:15:00 AM,13.137,,,,
2515,05/04/16 10:30:00 AM,13.112,,,,
2516,05/04/16 10:45:00 AM,13.064,,,,
2517,05/04/16 11:00:00 AM,13.040,,,,
2518,05/04/16 11:15:00 AM,12.992,,,,
2519,05/04/16 11:30:00 AM,12.992,,,,
2520,05/04/16 11:45:00 AM,12.944,,,,
2521,05/04/16 12:00:00 PM,12.896,,,,
2522,05/04/16 12:15:00 PM,12.799,,,,
2523,05/04/16 12:30:00 PM,12.799,,,,
2524,05/04/16 12:45:00 PM,12.751,,,,
2525,05/04/16 01:00:00 PM,12.727,,,,
2526,05/04/16 01:15:00 PM,12.703,,,,
2527,05/04/16 01:30:00 PM,12.678,,,,
2528,05/04/16 01:45:00 PM,12.678,,,,
2529,05/04/16 02:00:00 PM,12.606,,,,
2530,05/04/16 02:15:00 PM,12.606,,,,
2531,05/04/16 02:30:00 PM,12.558,,,,
2532,05/04/16 02:45:00 PM,12.582,,,,
2533,05/04/16 03:00:00 PM,12.606,,,,
2534,05/04/16 03:15:00 PM,12.558,,,,
2535,05/04/16 03:30:00 PM,12.509,,,,
2536,05/04/16 03:45:00 PM,12.195,,,,
2537,05/04/16 04:00:00 PM,12.025,,,,
2538,05/04/16 04:15:00 PM,12.316,,,,
2539,05/04/16 04:30:00 PM,12.606,,,,
2540,05/04/16 04:45:00 PM,12.413,,,,
2541,05/04/16 05:00:00 PM,12.243,,,,
2542,05/04/16 05:15:00 PM,12.050,,,,
2543,05/04/16 05:30:00 PM,11.856,,,,
2544,05/04/16 05:45:00 PM,11.880,,,,
2545,05/04/16 06:00:00 PM,11.856,,,,
2546,05/04/16 06:15:00 PM,12.171,,,,
2547,05/04/16 06:30:00 PM,12.364,,,,
2548,05/04/16 06:45:00 PM,12.461,,,,
2549,05/04/16 07:00:00 PM,12.485,,,,
2550,05/04/16 07:15:00 PM,12.461,,,,
2551,05/04/16 07:30:00 PM,12.509,,,,
2552,05/04/16 07:45:00 PM,12.485,,,,
2553,05/04/16 08:00:00 PM,12.437,,,,
2554,05/04/16 08:15:00 PM,12.364,,,,
2555,05/04/16 08:30:00 PM,12.292,,,,
2556,05/04/16 08:45:00 PM,12.195,,,,
2557,05/04/16 09:00:00 PM,12.074,,,,
2558,05/04/16 09:15:00 PM,12.025,,,,
2559,05/04/16 09:30:00 PM,11.856,,,,
2560,05/04/16 09:45:00 PM,11.807,,,,
2561,05/04/16 10:00:00 PM,11.783,,,,
2562,05/04/16 10:15:00 PM,11.686,,,,
2563,05/04/16 10:30:00 PM,11.686,,,,
2564,05/04/16 10:45:00 PM,11.613,,,,
2565,05/04/16 11:00:00 PM,11.637,,,,
2566,05/04/16 11:15:00 PM,11.565,,,,
2567,05/04/16 11:30:00 PM,11.467,,,,
2568,05/04/16 11:45:00 PM,11.419,,,,
2569,05/05/16 12:00:00 AM,11.370,,,,
2570,05/05/16 12:15:00 AM,11.224,,,,
2571,05/05/16 12:30:00 AM,11.224,,,,
2572,05/05/16 12:45:00 AM,11.127,,,,
2573,05/05/16 01:00:00 AM,11.029,,,,
2574,05/05/16 01:15:00 AM,11.029,,,,
2575,05/05/16 01:30:00 AM,10.932,,,,
2576,05/05/16 01:45:00 AM,10.907,,,,
2577,05/05/16 02:00:00 AM,10.858,,,,
2578,05/05/16 02:15:00 AM,10.810,,,,
2579,05/05/16 02:30:00 AM,10.712,,,,
2580,05/05/16 02:45:00 AM,10.687,,,,
2581,05/05/16 03:00:00 AM,10.638,,,,
2582,05/05/16 03:15:00 AM,10.565,,,,
2583,05/05/16 03:30:00 AM,10.296,,,,
2584,05/05/16 03:45:00 AM,10.100,,,,
2585,05/05/16 04:00:00 AM,9.928,,,,
2586,05/05/16 04:15:00 AM,9.928,,,,
2587,05/05/16 04:30:00 AM,9.952,,,,
2588,05/05/16 04:45:00 AM,9.854,,,,
2589,05/05/16 05:00:00 AM,9.731,,,,
2590,05/05/16 05:15:00 AM,9.608,,,,
2591,05/05/16 05:30:00 AM,9.410,,,,
2592,05/05/16 05:45:00 AM,9.435,,,,
2593,05/05/16 06:00:00 AM,9.509,,,,
2594,05/05/16 06:15:00 AM,9.460,,,,
2595,05/05/16 06:30:00 AM,9.336,,,,
2596,05/05/16 06:45:00 AM,9.410,,,,
2597,05/05/16 07:00:00 AM,9.608,,,,
2598,05/05/16 07:15:00 AM,9.854,,,,
2599,05/05/16 07:30:00 AM,9.928,,,,
2600,05/05/16 07:45:00 AM,10.516,,,,
2601,05/05/16 08:00:00 AM,10.712,,,,
2602,05/05/16 08:15:00 AM,10.638,,,,
2603,05/05/16 08:30:00 AM,10.565,,,,
2604,05/05/16 08:45:00 AM,10.638,,,,
2605,05/05/16 09:00:00 AM,10.614,,,,
2606,05/05/16 09:15:00 AM,10.638,,,,
2607,05/05/16 09:30:00 AM,10.590,,,,
2608,05/05/16 09:45:00 AM,10.590,,,,
2609,05/05/16 10:00:00 AM,10.614,,,,
2610,05/05/16 10:15:00 AM,10.663,,,,
2611,05/05/16 10:30:00 AM,10.638,,,,
2612,05/05/16 10:45:00 AM,10.663,,,,
2613,05/05/16 11:00:00 AM,10.663,,,,
2614,05/05/16 11:15:00 AM,10.712,,,,
2615,05/05/16 11:30:00 AM,10.785,,,,
2616,05/05/16 11:45:00 AM,10.761,,,,
2617,05/05/16 12:00:00 PM,10.834,,,,
2618,05/05/16 12:15:00 PM,10.907,,,,
2619,05/05/16 12:30:00 PM,10.956,,,,
2620,05/05/16 12:45:00 PM,11.053,,,,
2621,05/05/16 01:00:00 PM,11.127,,,,
2622,05/05/16 01:15:00 PM,11.224,,,,
2623,05/05/16 01:30:00 PM,11.273,,,,
2624,05/05/16 01:45:00 PM,11.321,,,,
2625,05/05/16 02:00:00 PM,11.370,,,,
2626,05/05/16 02:15:00 PM,11.394,,,,
2627,05/05/16 02:30:00 PM,11.613,,,,
2628,05/05/16 02:45:00 PM,11.540,,,,
2629,05/05/16 03:00:00 PM,11.686,,,,
2630,05/05/16 03:15:00 PM,11.759,,,,
2631,05/05/16 03:30:00 PM,11.832,,,,
2632,05/05/16 03:45:00 PM,12.122,,,,
2633,05/05/16 04:00:00 PM,12.050,,,,
2634,05/05/16 04:15:00 PM,11.953,,,,
2635,05/05/16 04:30:00 PM,12.243,,,,
2636,05/05/16 04:45:00 PM,12.195,,,,
2637,05/05/16 05:00:00 PM,13.185,,,,
2638,05/05/16 05:15:00 PM,12.413,,,,
2639,05/05/16 05:30:00 PM,12.799,,,,
2640,05/05/16 05:45:00 PM,12.292,,,,
2641,05/05/16 06:00:00 PM,11.734,,,,
2642,05/05/16 06:15:00 PM,11.443,,,,
2643,05/05/16 06:30:00 PM,11.273,,,,
2644,05/05/16 06:45:00 PM,11.175,,,,
2645,05/05/16 07:00:00 PM,11.078,,,,
2646,05/05/16 07:15:00 PM,11.053,,,,
2647,05/05/16 07:30:00 PM,11.078,,,,
2648,05/05/16 07:45:00 PM,11.029,,,,
2649,05/05/16 08:00:00 PM,11.005,,,,
2650,05/05/16 08:15:00 PM,10.980,,,,
2651,05/05/16 08:30:00 PM,10.907,,,,
2652,05/05/16 08:45:00 PM,10.883,,,,
2653,05/05/16 09:00:00 PM,10.907,,,,
2654,05/05/16 09:15:00 PM,10.858,,,,
2655,05/05/16 09:30:00 PM,10.883,,,,
2656,05/05/16 09:45:00 PM,10.883,,,,
2657,05/05/16 10:00:00 PM,10.858,,,,
2658,05/05/16 10:15:00 PM,10.834,,,,
2659,05/05/16 10:30:00 PM,10.834,,,,
2660,05/05/16 10:45:00 PM,10.810,,,,
2661,05/05/16 11:00:00 PM,10.785,,,,
2662,05/05/16 11:15:00 PM,10.785,,,,
2663,05/05/16 11:30:00 PM,10.712,,,,
2664,05/05/16 11:45:00 PM,10.736,,,,
2665,05/06/16 12:00:00 AM,10.712,,,,
2666,05/06/16 12:15:00 AM,10.663,,,,
2667,05/06/16 12:30:00 AM,10.638,,,,
2668,05/06/16 12:45:00 AM,10.590,,,,
2669,05/06/16 01:00:00 AM,10.590,,,,
2670,05/06/16 01:15:00 AM,10.590,,,,
2671,05/06/16 01:30:00 AM,10.565,,,,
2672,05/06/16 01:45:00 AM,10.541,,,,
2673,05/06/16 02:00:00 AM,10.492,,,,
2674,05/06/16 02:15:00 AM,10.418,,,,
2675,05/06/16 02:30:00 AM,10.369,,,,
2676,05/06/16 02:45:00 AM,10.345,,,,
2677,05/06/16 03:00:00 AM,10.320,,,,
2678,05/06/16 03:15:00 AM,10.271,,,,
2679,05/06/16 03:30:00 AM,10.198,,,,
2680,05/06/16 03:45:00 AM,10.051,,,,
2681,05/06/16 04:00:00 AM,9.903,,,,
2682,05/06/16 04:15:00 AM,9.460,,,,
2683,05/06/16 04:30:00 AM,8.990,,,,
2684,05/06/16 04:45:00 AM,8.965,,,,
2685,05/06/16 05:00:00 AM,8.767,,,,
2686,05/06/16 05:15:00 AM,8.767,,,,
2687,05/06/16 05:30:00 AM,8.841,,,,
2688,05/06/16 05:45:00 AM,9.015,,,,
2689,05/06/16 06:00:00 AM,9.089,,,,
2690,05/06/16 06:15:00 AM,9.040,,,,
2691,05/06/16 06:30:00 AM,9.163,,,,
2692,05/06/16 06:45:00 AM,9.509,,,,
2693,05/06/16 07:00:00 AM,9.928,,,,
2694,05/06/16 07:15:00 AM,10.320,,,,
2695,05/06/16 07:30:00 AM,10.687,,,,
2696,05/06/16 07:45:00 AM,11.248,,,,
2697,05/06/16 08:00:00 AM,12.050,,,,
2698,05/06/16 08:15:00 AM,12.558,,,,
2699,05/06/16 08:30:00 AM,12.558,,,,
2700,05/06/16 08:45:00 AM,12.992,,,,
2701,05/06/16 09:00:00 AM,11.224,,,,
2702,05/06/16 09:15:00 AM,11.151,,,,
2703,05/06/16 09:30:00 AM,10.663,,,,
2704,05/06/16 09:45:00 AM,10.565,,,,
2705,05/06/16 10:00:00 AM,10.443,,,,
2706,05/06/16 10:15:00 AM,10.541,,,,
2707,05/06/16 10:30:00 AM,10.541,,,,
2708,05/06/16 10:45:00 AM,10.565,,,,
2709,05/06/16 11:00:00 AM,10.638,,,,
2710,05/06/16 11:15:00 AM,10.712,,,,
2711,05/06/16 11:30:00 AM,10.761,,,,
2712,05/06/16 11:45:00 AM,10.834,,,,
2713,05/06/16 12:00:00 PM,10.907,,,,
2714,05/06/16 12:15:00 PM,11.005,,,,
2715,05/06/16 12:30:00 PM,11.053,,,,
2716,05/06/16 12:45:00 PM,11.102,,,,
2717,05/06/16 01:00:00 PM,11.175,,,,
2718,05/06/16 01:15:00 PM,11.273,,,,
2719,05/06/16 01:30:00 PM,11.297,,,,
2720,05/06/16 01:45:00 PM,11.346,,,,
2721,05/06/16 02:00:00 PM,11.419,,,,
2722,05/06/16 02:15:00 PM,11.516,,,,
2723,05/06/16 02:30:00 PM,11.565,,,,
2724,05/06/16 02:45:00 PM,11.613,,,,
2725,05/06/16 03:00:00 PM,11.565,,,,
2726,05/06/16 03:15:00 PM,11.686,,,,
2727,05/06/16 03:30:00 PM,11.734,,,,
2728,05/06/16 03:45:00 PM,11.759,,,,
2729,05/06/16 04:00:00 PM,11.832,,,,
2730,05/06/16 04:15:00 PM,11.832,,,,
2731,05/06/16 04:30:00 PM,12.001,,,,
2732,05/06/16 04:45:00 PM,11.929,,,,
2733,05/06/16 05:00:00 PM,12.147,,,,
2734,05/06/16 05:15:00 PM,13.040,,,,
2735,05/06/16 05:30:00 PM,13.088,,,,
2736,05/06/16 05:45:00 PM,13.786,,,,
2737,05/06/16 06:00:00 PM,12.727,,,,
2738,05/06/16 06:15:00 PM,12.823,,,,
2739,05/06/16 06:30:00 PM,12.050,,,,
2740,05/06/16 06:45:00 PM,11.953,,,,
2741,05/06/16 07:00:00 PM,11.856,,,,
2742,05/06/16 07:15:00 PM,11.734,,,,
2743,05/06/16 07:30:00 PM,11.565,,,,
2744,05/06/16 07:45:00 PM,11.516,,,,
2745,05/06/16 08:00:00 PM,11.467,,,,
2746,05/06/16 08:15:00 PM,11.394,,,,
2747,05/06/16 08:30:00 PM,11.370,,,,
2748,05/06/16 08:45:00 PM,11.321,,,,
2749,05/06/16 09:00:00 PM,11.321,,,,
2750,05/06/16 09:15:00 PM,11.321,,,,
2751,05/06/16 09:30:00 PM,11.297,,,,
2752,05/06/16 09:45:00 PM,11.321,,,,
2753,05/06/16 10:00:00 PM,11.297,,,,
2754,05/06/16 10:15:00 PM,11.273,,,,
2755,05/06/16 10:30:00 PM,11.248,,,,
2756,05/06/16 10:45:00 PM,11.224,,,,
2757,05/06/16 11:00:00 PM,11.151,,,,
2758,05/06/16 11:15:00 PM,11.151,,,,
2759,05/06/16 11:30:00 PM,11.102,,,,
2760,05/06/16 11:45:00 PM,11.078,,,,
2761,05/07/16 12:00:00 AM,11.053,,,,
2762,05/07/16 12:15:00 AM,11.053,,,,
2763,05/07/16 12:30:00 AM,10.980,,,,
2764,05/07/16 12:45:00 AM,10.956,,,,
2765,05/07/16 01:00:00 AM,10.883,,,,
2766,05/07/16 01:15:00 AM,10.834,,,,
2767,05/07/16 01:30:00 AM,10.785,,,,
2768,05/07/16 01:45:00 AM,10.736,,,,
2769,05/07/16 02:00:00 AM,10.736,,,,
2770,05/07/16 02:15:00 AM,10.663,,,,
2771,05/07/16 02:30:00 AM,10.614,,,,
2772,05/07/16 02:45:00 AM,10.590,,,,
2773,05/07/16 03:00:00 AM,10.565,,,,
2774,05/07/16 03:15:00 AM,10.565,,,,
2775,05/07/16 03:30:00 AM,10.541,,,,
2776,05/07/16 03:45:00 AM,10.541,,,,
2777,05/07/16 04:00:00 AM,10.541,,,,
2778,05/07/16 04:15:00 AM,10.541,,,,
2779,05/07/16 04:30:00 AM,10.565,,,,
2780,05/07/16 04:45:00 AM,10.614,,,,
2781,05/07/16 05:00:00 AM,10.761,,,,
2782,05/07/16 05:15:00 AM,10.883,,,,
2783,05/07/16 05:30:00 AM,11.005,,,,
2784,05/07/16 05:45:00 AM,11.053,,,,
2785,05/07/16 06:00:00 AM,11.102,,,,
2786,05/07/16 06:15:00 AM,11.029,,,,
2787,05/07/16 06:30:00 AM,11.127,,,,
2788,05/07/16 06:45:00 AM,11.321,,,,
2789,05/07/16 07:00:00 AM,11.492,,,,
2790,05/07/16 07:15:00 AM,11.613,,,,
2791,05/07/16 07:30:00 AM,11.589,,,,
2792,05/07/16 07:45:00 AM,11.710,,,,
2793,05/07/16 08:00:00 AM,12.582,,,,
2794,05/07/16 08:15:00 AM,12.703,,,,
2795,05/07/16 08:30:00 AM,13.305,,,,
2796,05/07/16 08:45:00 AM,13.594,,,,
2797,05/07/16 09:00:00 AM,14.912,,,,
2798,05/07/16 09:15:00 AM,14.290,,,,
2799,05/07/16 09:30:00 AM,13.618,,,,
2800,05/07/16 09:45:00 AM,11.662,,,,
2801,05/07/16 10:00:00 AM,11.394,,,,
2802,05/07/16 10:15:00 AM,11.321,,,,
2803,05/07/16 10:30:00 AM,11.370,,,,
2804,05/07/16 10:45:00 AM,11.102,,,,
2805,05/07/16 11:00:00 AM,11.102,,,,
2806,05/07/16 11:15:00 AM,11.127,,,,
2807,05/07/16 11:30:00 AM,11.127,,,,
2808,05/07/16 11:45:00 AM,11.175,,,,
2809,05/07/16 12:00:00 PM,11.224,,,,
2810,05/07/16 12:15:00 PM,11.297,,,,
2811,05/07/16 12:30:00 PM,11.321,,,,
2812,05/07/16 12:45:00 PM,11.370,,,,
2813,05/07/16 01:00:00 PM,11.394,,,,
2814,05/07/16 01:15:00 PM,11.419,,,,
2815,05/07/16 01:30:00 PM,11.419,,,,
2816,05/07/16 01:45:00 PM,11.443,,,,
2817,05/07/16 02:00:00 PM,11.467,,,,
2818,05/07/16 02:15:00 PM,11.516,,,,
2819,05/07/16 02:30:00 PM,11.540,,,,
2820,05/07/16 02:45:00 PM,11.662,,,,
2821,05/07/16 03:00:00 PM,11.613,,,,
2822,05/07/16 03:15:00 PM,11.662,,,,
2823,05/07/16 03:30:00 PM,11.613,,,,
2824,05/07/16 03:45:00 PM,11.637,,,,
2825,05/07/16 04:00:00 PM,11.662,,,,
2826,05/07/16 04:15:00 PM,11.637,,,,
2827,05/07/16 04:30:00 PM,11.613,,,,
2828,05/07/16 04:45:00 PM,11.565,,,,
2829,05/07/16 05:00:00 PM,11.783,,,,
2830,05/07/16 05:15:00 PM,11.807,,,,
2831,05/07/16 05:30:00 PM,11.832,,,,
2832,05/07/16 05:45:00 PM,11.783,,,,
2833,05/07/16 06:00:00 PM,11.686,,,,
2834,05/07/16 06:15:00 PM,11.783,,,,
2835,05/07/16 06:30:00 PM,11.589,,,,
2836,05/07/16 06:45:00 PM,11.637,,,,
2837,05/07/16 07:00:00 PM,11.540,,,,
2838,05/07/16 07:15:00 PM,11.540,,,,
2839,05/07/16 07:30:00 PM,11.419,,,,
2840,05/07/16 07:45:00 PM,11.346,,,,
2841,05/07/16 08:00:00 PM,11.370,,,,
2842,05/07/16 08:15:00 PM,11.273,,,,
2843,05/07/16 08:30:00 PM,11.273,,,,
2844,05/07/16 08:45:00 PM,11.224,,,,
2845,05/07/16 09:00:00 PM,11.151,,,,
2846,05/07/16 09:15:00 PM,11.175,,,,
2847,05/07/16 09:30:00 PM,11.151,,,,
2848,05/07/16 09:45:00 PM,11.102,,,,
2849,05/07/16 10:00:00 PM,11.102,,,,
2850,05/07/16 10:15:00 PM,11.127,,,,
2851,05/07/16 10:30:00 PM,11.127,,,,
2852,05/07/16 10:45:00 PM,11.151,,,,
2853,05/07/16 11:00:00 PM,11.175,,,,
2854,05/07/16 11:15:00 PM,11.200,,,,
2855,05/07/16 11:30:00 PM,11.224,,,,
2856,05/07/16 11:45:00 PM,11.273,,,,
2857,05/08/16 12:00:00 AM,11.297,,,,
2858,05/08/16 12:15:00 AM,11.297,,,,
2859,05/08/16 12:30:00 AM,11.297,,,,
2860,05/08/16 12:45:00 AM,11.321,,,,
2861,05/08/16 01:00:00 AM,11.321,,,,
2862,05/08/16 01:15:00 AM,11.321,,,,
2863,05/08/16 01:30:00 AM,11.273,,,,
2864,05/08/16 01:45:00 AM,11.248,,,,
2865,05/08/16 02:00:00 AM,11.175,,,,
2866,05/08/16 02:15:00 AM,11.175,,,,
2867,05/08/16 02:30:00 AM,11.151,,,,
2868,05/08/16 02:45:00 AM,11.053,,,,
2869,05/08/16 03:00:00 AM,11.078,,,,
2870,05/08/16 03:15:00 AM,11.053,,,,
2871,05/08/16 03:30:00 AM,10.980,,,,
2872,05/08/16 03:45:00 AM,10.932,,,,
2873,05/08/16 04:00:00 AM,10.883,,,,
2874,05/08/16 04:15:00 AM,10.858,,,,
2875,05/08/16 04:30:00 AM,10.883,,,,
2876,05/08/16 04:45:00 AM,10.858,,,,
2877,05/08/16 05:00:00 AM,10.858,,,,
2878,05/08/16 05:15:00 AM,10.785,,,,
2879,05/08/16 05:30:00 AM,10.663,,,,
2880,05/08/16 05:45:00 AM,10.394,,,,
2881,05/08/16 06:00:00 AM,10.247,,,,
2882,05/08/16 06:15:00 AM,10.198,,,,
2883,05/08/16 06:30:00 AM,10.198,,,,
2884,05/08/16 06:45:00 AM,10.296,,,,
2885,05/08/16 07:00:00 AM,10.345,,,,
2886,05/08/16 07:15:00 AM,10.516,,,,
2887,05/08/16 07:30:00 AM,10.810,,,,
2888,05/08/16 07:45:00 AM,11.029,,,,
2889,05/08/16 08:00:00 AM,11.856,,,,
2890,05/08/16 08:15:00 AM,12.389,,,,
2891,05/08/16 08:30:00 AM,14.242,,,,
2892,05/08/16 08:45:00 AM,12.437,,,,
2893,05/08/16 09:00:00 AM,12.582,,,,
2894,05/08/16 09:15:00 AM,12.823,,,,
2895,05/08/16 09:30:00 AM,13.185,,,,
2896,05/08/16 09:45:00 AM,14.864,,,,
2897,05/08/16 10:00:00 AM,15.342,,,,
2898,05/08/16 10:15:00 AM,14.840,,,,
2899,05/08/16 10:30:00 AM,14.625,,,,
2900,05/08/16 10:45:00 AM,12.098,,,,
2901,05/08/16 11:00:00 AM,11.686,,,,
2902,05/08/16 11:15:00 AM,11.370,,,,
2903,05/08/16 11:30:00 AM,11.297,,,,
2904,05/08/16 11:45:00 AM,11.078,,,,
2905,05/08/16 12:00:00 PM,11.102,,,,
2906,05/08/16 12:15:00 PM,11.127,,,,
2907,05/08/16 12:30:00 PM,11.127,,,,
2908,05/08/16 12:45:00 PM,11.127,,,,
2909,05/08/16 01:00:00 PM,11.200,,,,
2910,05/08/16 01:15:00 PM,11.200,,,,
2911,05/08/16 01:30:00 PM,11.224,,,,
2912,05/08/16 01:45:00 PM,11.175,,,,
2913,05/08/16 02:00:00 PM,11.224,,,,
2914,05/08/16 02:15:00 PM,11.175,,,,
2915,05/08/16 02:30:00 PM,11.224,,,,
2916,05/08/16 02:45:00 PM,11.248,,,,
2917,05/08/16 03:00:00 PM,11.248,,,,
2918,05/08/16 03:15:00 PM,11.248,,,,
2919,05/08/16 03:30:00 PM,11.297,,,,
2920,05/08/16 03:45:00 PM,11.200,,,,
2921,05/08/16 04:00:00 PM,11.224,,,,
2922,05/08/16 04:15:00 PM,11.224,,,,
2923,05/08/16 04:30:00 PM,11.175,,,,
2924,05/08/16 04:45:00 PM,11.175,,,,
2925,05/08/16 05:00:00 PM,11.078,,,,
2926,05/08/16 05:15:00 PM,11.127,,,,
2927,05/08/16 05:30:00 PM,11.127,,,,
2928,05/08/16 05:45:00 PM,11.078,,,,
2929,05/08/16 06:00:00 PM,10.980,,,,
2930,05/08/16 06:15:00 PM,10.980,,,,
2931,05/08/16 06:30:00 PM,10.956,,,,
2932,05/08/16 06:45:00 PM,10.956,,,,
2933,05/08/16 07:00:00 PM,10.883,,,,
2934,05/08/16 07:15:00 PM,10.883,,,,
2935,05/08/16 07:30:00 PM,10.858,,,,
2936,05/08/16 07:45:00 PM,10.638,,,,
2937,05/08/16 08:00:00 PM,10.590,,,,
2938,05/08/16 08:15:00 PM,10.638,,,,
2939,05/08/16 08:30:00 PM,10.663,,,,
2940,05/08/16 08:45:00 PM,10.638,,,,
2941,05/08/16 09:00:00 PM,10.541,,,,
2942,05/08/16 09:15:00 PM,10.663,,,,
2943,05/08/16 09:30:00 PM,10.687,,,,
2944,05/08/16 09:45:00 PM,10.712,,,,
2945,05/08/16 10:00:00 PM,10.736,,,,
2946,05/08/16 10:15:00 PM,10.638,,,,
2947,05/08/16 10:30:00 PM,10.516,,,,
2948,05/08/16 10:45:00 PM,10.712,,,,
2949,05/08/16 11:00:00 PM,10.712,,,,
2950,05/08/16 11:15:00 PM,10.736,,,,
2951,05/08/16 11:30:00 PM,10.736,,,,
2952,05/08/16 11:45:00 PM,10.736,,,,
2953,05/09/16 12:00:00 AM,10.638,,,,
2954,05/09/16 12:15:00 AM,10.638,,,,
2955,05/09/16 12:30:00 AM,10.614,,,,
2956,05/09/16 12:45:00 AM,10.565,,,,
2957,05/09/16 01:00:00 AM,10.516,,,,
2958,05/09/16 01:15:00 AM,10.492,,,,
2959,05/09/16 01:30:00 AM,10.467,,,,
2960,05/09/16 01:45:00 AM,10.418,,,,
2961,05/09/16 02:00:00 AM,10.394,,,,
2962,05/09/16 02:15:00 AM,10.345,,,,
2963,05/09/16 02:30:00 AM,10.320,,,,
2964,05/09/16 02:45:00 AM,10.198,,,,
2965,05/09/16 03:00:00 AM,10.075,,,,
2966,05/09/16 03:15:00 AM,9.977,,,,
2967,05/09/16 03:30:00 AM,9.879,,,,
2968,05/09/16 03:45:00 AM,9.805,,,,
2969,05/09/16 04:00:00 AM,9.706,,,,
2970,05/09/16 04:15:00 AM,9.657,,,,
2971,05/09/16 04:30:00 AM,9.558,,,,
2972,05/09/16 04:45:00 AM,9.509,,,,
2973,05/09/16 05:00:00 AM,9.460,,,,
2974,05/09/16 05:15:00 AM,9.435,,,,
2975,05/09/16 05:30:00 AM,9.485,,,,
2976,05/09/16 05:45:00 AM,9.435,,,,
2977,05/09/16 06:00:00 AM,9.386,,,,
2978,05/09/16 06:15:00 AM,9.287,,,,
2979,05/09/16 06:30:00 AM,9.262,,,,
2980,05/09/16 06:45:00 AM,9.312,,,,
2981,05/09/16 07:00:00 AM,9.435,,,,
2982,05/09/16 07:15:00 AM,9.682,,,,
2983,05/09/16 07:30:00 AM,9.903,,,,
2984,05/09/16 07:45:00 AM,10.492,,,,
2985,05/09/16 08:00:00 AM,10.907,,,,
2986,05/09/16 08:15:00 AM,11.297,,,,
2987,05/09/16 08:30:00 AM,11.637,,,,
2988,05/09/16 08:45:00 AM,11.856,,,,
2989,05/09/16 09:00:00 AM,12.001,,,,
2990,05/09/16 09:15:00 AM,12.413,,,,
2991,05/09/16 09:30:00 AM,12.944,,,,
2992,05/09/16 09:45:00 AM,13.594,,,,
2993,05/09/16 10:00:00 AM,14.314,,,,
2994,05/09/16 10:15:00 AM,14.481,,,,
2995,05/09/16 10:30:00 AM,15.843,,,,
2996,05/09/16 10:45:00 AM,15.509,,,,
2997,05/09/16 11:00:00 AM,15.175,,,,
2998,05/09/16 11:15:00 AM,13.618,,,,
2999,05/09/16 11:30:00 AM,13.738,,,,
3000,05/09/16 11:45:00 AM,11.880,,,,
3001,05/09/16 12:00:00 PM,11.419,,,,
3002,05/09/16 12:15:00 PM,10.712,,,,
3003,05/09/16 12:30:00 PM,10.516,,,,
3004,05/09/16 12:45:00 PM,10.565,,,,
3005,05/09/16 01:00:00 PM,10.418,,,,
3006,05/09/16 01:15:00 PM,10.467,,,,
3007,05/09/16 01:30:00 PM,10.541,,,,
3008,05/09/16 01:45:00 PM,10.687,,,,
3009,05/09/16 02:00:00 PM,10.712,,,,
3010,05/09/16 02:15:00 PM,10.687,,,,
3011,05/09/16 02:30:00 PM,10.687,,,,
3012,05/09/16 02:45:00 PM,10.736,,,,
3013,05/09/16 03:00:00 PM,10.761,,,,
3014,05/09/16 03:15:00 PM,10.712,,,,
3015,05/09/16 03:30:00 PM,10.614,,,,
3016,05/09/16 03:45:00 PM,10.590,,,,
3017,05/09/16 04:00:00 PM,10.590,,,,
3018,05/09/16 04:15:00 PM,10.565,,,,
3019,05/09/16 04:30:00 PM,10.590,,,,
3020,05/09/16 04:45:00 PM,10.590,,,,
3021,05/09/16 05:00:00 PM,10.541,,,,
3022,05/09/16 05:15:00 PM,10.565,,,,
3023,05/09/16 05:30:00 PM,10.516,,,,
3024,05/09/16 05:45:00 PM,10.590,,,,
3025,05/09/16 06:00:00 PM,10.516,,,,
3026,05/09/16 06:15:00 PM,10.565,,,,
3027,05/09/16 06:30:00 PM,10.614,,,,
3028,05/09/16 06:45:00 PM,10.614,,,,
3029,05/09/16 07:00:00 PM,10.638,,,,
3030,05/09/16 07:15:00 PM,10.663,,,,
3031,05/09/16 07:30:00 PM,10.638,,,,
3032,05/09/16 07:45:00 PM,10.638,,,,
3033,05/09/16 08:00:00 PM,10.565,,,,
3034,05/09/16 08:15:00 PM,10.614,,,,
3035,05/09/16 08:30:00 PM,10.590,,,,
3036,05/09/16 08:45:00 PM,10.565,,,,
3037,05/09/16 09:00:00 PM,10.492,,,,
3038,05/09/16 09:15:00 PM,10.590,,,,
3039,05/09/16 09:30:00 PM,10.492,,,,
3040,05/09/16 09:45:00 PM,10.565,,,,
3041,05/09/16 10:00:00 PM,10.614,,,,
3042,05/09/16 10:15:00 PM,10.614,,,,
3043,05/09/16 10:30:00 PM,10.516,,,,
3044,05/09/16 10:45:00 PM,10.590,,,,
3045,05/09/16 11:00:00 PM,10.565,,,,
3046,05/09/16 11:15:00 PM,10.516,,,,
3047,05/09/16 11:30:00 PM,10.467,,,,
3048,05/09/16 11:45:00 PM,10.492,,,,
3049,05/10/16 12:00:00 AM,10.467,,,,
3050,05/10/16 12:15:00 AM,10.443,,,,
3051,05/10/16 12:30:00 AM,10.394,,,,
3052,05/10/16 12:45:00 AM,10.345,,,,
3053,05/10/16 01:00:00 AM,10.320,,,,
3054,05/10/16 01:15:00 AM,10.320,,,,
3055,05/10/16 01:30:00 AM,10.320,,,,
3056,05/10/16 01:45:00 AM,10.320,,,,
3057,05/10/16 02:00:00 AM,10.345,,,,
3058,05/10/16 02:15:00 AM,10.320,,,,
3059,05/10/16 02:30:00 AM,10.296,,,,
3060,05/10/16 02:45:00 AM,10.296,,,,
3061,05/10/16 03:00:00 AM,10.296,,,,
3062,05/10/16 03:15:00 AM,10.296,,,,
3063,05/10/16 03:30:00 AM,10.198,,,,
3064,05/10/16 03:45:00 AM,10.173,,,,
3065,05/10/16 04:00:00 AM,10.149,,,,
3066,05/10/16 04:15:00 AM,10.124,,,,
3067,05/10/16 04:30:00 AM,10.051,,,,
3068,05/10/16 04:45:00 AM,9.928,,,,
3069,05/10/16 05:00:00 AM,9.854,,,,
3070,05/10/16 05:15:00 AM,9.706,,,,
3071,05/10/16 05:30:00 AM,9.583,,,,
3072,05/10/16 05:45:00 AM,9.534,,,,
3073,05/10/16 06:00:00 AM,9.361,,,,
3074,05/10/16 06:15:00 AM,9.312,,,,
3075,05/10/16 06:30:00 AM,9.287,,,,
3076,05/10/16 06:45:00 AM,9.312,,,,
3077,05/10/16 07:00:00 AM,9.262,,,,
3078,05/10/16 07:15:00 AM,9.485,,,,
3079,05/10/16 07:30:00 AM,10.026,,,,
3080,05/10/16 07:45:00 AM,10.736,,,,
3081,05/10/16 08:00:00 AM,11.929,,,,
3082,05/10/16 08:15:00 AM,12.461,,,,
3083,05/10/16 08:30:00 AM,12.678,,,,
3084,05/10/16 08:45:00 AM,13.353,,,,
3085,05/10/16 09:00:00 AM,14.170,,,,
3086,05/10/16 09:15:00 AM,14.984,,,,
3087,05/10/16 09:30:00 AM,15.676,,,,
3088,05/10/16 09:45:00 AM,16.963,,,,
3089,05/10/16 10:00:00 AM,18.057,,,,
3090,05/10/16 10:15:00 AM,18.319,,,,
3091,05/10/16 10:30:00 AM,19.532,,,,
3092,05/10/16 10:45:00 AM,20.222,,,,
3093,05/10/16 11:00:00 AM,20.174,,,,
3094,05/10/16 11:15:00 AM,21.127,,,,
3095,05/10/16 11:30:00 AM,21.867,,,,
3096,05/10/16 11:45:00 AM,21.915,,,,
3097,05/10/16 12:00:00 PM,17.748,,,,
3098,05/10/16 12:15:00 PM,14.002,,,,
3099,05/10/16 12:30:00 PM,14.649,,,,
3100,05/10/16 12:45:00 PM,12.098,,,,
3101,05/10/16 01:00:00 PM,12.316,,,,
3102,05/10/16 01:15:00 PM,11.200,,,,
3103,05/10/16 01:30:00 PM,11.078,,,,
3104,05/10/16 01:45:00 PM,10.834,,,,
3105,05/10/16 02:00:00 PM,11.078,,,,
3106,05/10/16 02:15:00 PM,11.029,,,,
3107,05/10/16 02:30:00 PM,11.029,,,,
3108,05/10/16 02:45:00 PM,11.078,,,,
3109,05/10/16 03:00:00 PM,11.102,,,,
3110,05/10/16 03:15:00 PM,11.102,,,,
3111,05/10/16 03:30:00 PM,11.127,,,,
3112,05/10/16 03:45:00 PM,11.200,,,,
3113,05/10/16 04:00:00 PM,11.200,,,,
3114,05/10/16 04:15:00 PM,11.297,,,,
3115,05/10/16 04:30:00 PM,11.346,,,,
3116,05/10/16 04:45:00 PM,11.346,,,,
3117,05/10/16 05:00:00 PM,11.419,,,,
3118,05/10/16 05:15:00 PM,11.419,,,,
3119,05/10/16 05:30:00 PM,11.443,,,,
3120,05/10/16 05:45:00 PM,11.467,,,,
3121,05/10/16 06:00:00 PM,11.346,,,,
3122,05/10/16 06:15:00 PM,11.346,,,,
3123,05/10/16 06:30:00 PM,11.321,,,,
3124,05/10/16 06:45:00 PM,11.224,,,,
3125,05/10/16 07:00:00 PM,11.175,,,,
3126,05/10/16 07:15:00 PM,11.078,,,,
3127,05/10/16 07:30:00 PM,11.005,,,,
3128,05/10/16 07:45:00 PM,10.980,,,,
3129,05/10/16 08:00:00 PM,10.932,,,,
3130,05/10/16 08:15:00 PM,10.834,,,,
3131,05/10/16 08:30:00 PM,10.785,,,,
3132,05/10/16 08:45:00 PM,10.687,,,,
3133,05/10/16 09:00:00 PM,10.663,,,,
3134,05/10/16 09:15:00 PM,10.467,,,,
3135,05/10/16 09:30:00 PM,10.516,,,,
3136,05/10/16 09:45:00 PM,10.345,,,,
3137,05/10/16 10:00:00 PM,10.296,,,,
3138,05/10/16 10:15:00 PM,10.271,,,,
3139,05/10/16 10:30:00 PM,10.173,,,,
3140,05/10/16 10:45:00 PM,10.149,,,,
3141,05/10/16 11:00:00 PM,10.198,,,,
3142,05/10/16 11:15:00 PM,10.149,,,,
3143,05/10/16 11:30:00 PM,10.149,,,,
3144,05/10/16 11:45:00 PM,10.173,,,,
3145,05/11/16 12:00:00 AM,10.100,,,,
3146,05/11/16 12:15:00 AM,10.124,,,,
3147,05/11/16 12:30:00 AM,10.149,,,,
3148,05/11/16 12:45:00 AM,10.149,,,,
3149,05/11/16 01:00:00 AM,10.173,,,,
3150,05/11/16 01:15:00 AM,10.198,,,,
3151,05/11/16 01:30:00 AM,10.198,,,,
3152,05/11/16 01:45:00 AM,10.198,,,,
3153,05/11/16 02:00:00 AM,10.198,,,,
3154,05/11/16 02:15:00 AM,10.198,,,,
3155,05/11/16 02:30:00 AM,10.198,,,,
3156,05/11/16 02:45:00 AM,10.198,,,,
3157,05/11/16 03:00:00 AM,10.198,,,,
3158,05/11/16 03:15:00 AM,10.173,,,,
3159,05/11/16 03:30:00 AM,10.173,,,,
3160,05/11/16 03:45:00 AM,10.173,,,,
3161,05/11/16 04:00:00 AM,10.149,,,,
3162,05/11/16 04:15:00 AM,10.149,,,,
3163,05/11/16 04:30:00 AM,10.124,,,,
3164,05/11/16 04:45:00 AM,10.124,,,,
3165,05/11/16 05:00:00 AM,10.001,,,,
3166,05/11/16 05:15:00 AM,9.977,,,,
3167,05/11/16 05:30:00 AM,9.977,,,,
3168,05/11/16 05:45:00 AM,10.001,,,,
3169,05/11/16 06:00:00 AM,10.001,,,,
3170,05/11/16 06:15:00 AM,9.977,,,,
3171,05/11/16 06:30:00 AM,9.952,,,,
3172,05/11/16 06:45:00 AM,9.928,,,,
3173,05/11/16 07:00:00 AM,9.854,,,,
3174,05/11/16 07:15:00 AM,10.001,,,,
3175,05/11/16 07:30:00 AM,10.198,,,,
3176,05/11/16 07:45:00 AM,10.418,,,,
3177,05/11/16 08:00:00 AM,11.370,,,,
3178,05/11/16 08:15:00 AM,11.710,,,,
3179,05/11/16 08:30:00 AM,13.810,,,,
3180,05/11/16 08:45:00 AM,14.505,,,,
3181,05/11/16 09:00:00 AM,15.557,,,,
3182,05/11/16 09:15:00 AM,16.463,,,,
3183,05/11/16 09:30:00 AM,17.439,,,,
3184,05/11/16 09:45:00 AM,18.438,,,,
3185,05/11/16 10:00:00 AM,18.485,,,,
3186,05/11/16 10:15:00 AM,19.722,,,,
3187,05/11/16 10:30:00 AM,20.603,,,,
3188,05/11/16 10:45:00 AM,20.936,,,,
3189,05/11/16 11:00:00 AM,21.509,,,,
3190,05/11/16 11:15:00 AM,21.700,,,,
3191,05/11/16 11:30:00 AM,21.581,,,,
3192,05/11/16 11:45:00 AM,21.199,,,,
3193,05/11/16 12:00:00 PM,22.082,,,,
3194,05/11/16 12:15:00 PM,23.833,,,,
3195,05/11/16 12:30:00 PM,19.936,,,,
3196,05/11/16 12:45:00 PM,18.985,,,,
3197,05/11/16 01:00:00 PM,17.701,,,,
3198,05/11/16 01:15:00 PM,14.960,,,,
3199,05/11/16 01:30:00 PM,14.170,,,,
3200,05/11/16 01:45:00 PM,13.594,,,,
3201,05/11/16 02:00:00 PM,12.992,,,,
3202,05/11/16 02:15:00 PM,12.509,,,,
3203,05/11/16 02:30:00 PM,12.340,,,,
3204,05/11/16 02:45:00 PM,11.783,,,,
3205,05/11/16 03:00:00 PM,11.759,,,,
3206,05/11/16 03:15:00 PM,11.273,,,,
3207,05/11/16 03:30:00 PM,11.419,,,,
3208,05/11/16 03:45:00 PM,11.370,,,,
3209,05/11/16 04:00:00 PM,11.346,,,,
3210,05/11/16 04:15:00 PM,11.346,,,,
3211,05/11/16 04:30:00 PM,11.346,,,,
3212,05/11/16 04:45:00 PM,11.394,,,,
3213,05/11/16 05:00:00 PM,11.370,,,,
3214,05/11/16 05:15:00 PM,11.394,,,,
3215,05/11/16 05:30:00 PM,11.394,,,,
3216,05/11/16 05:45:00 PM,11.394,,,,
3217,05/11/16 06:00:00 PM,11.467,,,,
3218,05/11/16 06:15:00 PM,11.467,,,,
3219,05/11/16 06:30:00 PM,11.492,,,,
3220,05/11/16 06:45:00 PM,11.516,,,,
3221,05/11/16 07:00:00 PM,11.516,,,,
3222,05/11/16 07:15:00 PM,11.540,,,,
3223,05/11/16 07:30:00 PM,11.565,,,,
3224,05/11/16 07:45:00 PM,11.565,,,,
3225,05/11/16 08:00:00 PM,11.516,,,,
3226,05/11/16 08:15:00 PM,11.516,,,,
3227,05/11/16 08:30:00 PM,11.443,,,,
3228,05/11/16 08:45:00 PM,11.370,,,,
3229,05/11/16 09:00:00 PM,11.321,,,,
3230,05/11/16 09:15:00 PM,11.175,,,,
3231,05/11/16 09:30:00 PM,11.005,,,,
3232,05/11/16 09:45:00 PM,10.980,,,,
3233,05/11/16 10:00:00 PM,10.663,,,,
3234,05/11/16 10:15:00 PM,10.687,,,,
3235,05/11/16 10:30:00 PM,10.712,,,,
3236,05/11/16 10:45:00 PM,10.590,,,,
3237,05/11/16 11:00:00 PM,10.492,,,,
3238,05/11/16 11:15:00 PM,10.394,,,,
3239,05/11/16 11:30:00 PM,10.394,,,,
3240,05/11/16 11:45:00 PM,10.394,,,,
3241,05/12/16 12:00:00 AM,10.320,,,,
3242,05/12/16 12:15:00 AM,10.296,,,,
3243,05/12/16 12:30:00 AM,10.247,,,,
3244,05/12/16 12:45:00 AM,10.149,,,,
3245,05/12/16 01:00:00 AM,10.124,,,,
3246,05/12/16 01:15:00 AM,10.051,,,,
3247,05/12/16 01:30:00 AM,10.026,,,,
3248,05/12/16 01:45:00 AM,10.051,,,,
3249,05/12/16 02:00:00 AM,10.051,,,,
3250,05/12/16 02:15:00 AM,10.051,,,,
3251,05/12/16 02:30:00 AM,10.051,,,,
3252,05/12/16 02:45:00 AM,10.001,,,,
3253,05/12/16 03:00:00 AM,10.001,,,,
3254,05/12/16 03:15:00 AM,9.977,,,,
3255,05/12/16 03:30:00 AM,9.952,,,,
3256,05/12/16 03:45:00 AM,9.928,,,,
3257,05/12/16 04:00:00 AM,9.928,,,,
3258,05/12/16 04:15:00 AM,9.903,,,,
3259,05/12/16 04:30:00 AM,9.879,,,,
3260,05/12/16 04:45:00 AM,9.903,,,,
3261,05/12/16 05:00:00 AM,9.879,,,,
3262,05/12/16 05:15:00 AM,9.854,,,,
3263,05/12/16 05:30:00 AM,9.854,,,,
3264,05/12/16 05:45:00 AM,9.805,,,,
3265,05/12/16 06:00:00 AM,9.829,,,,
3266,05/12/16 06:15:00 AM,9.829,,,,
3267,05/12/16 06:30:00 AM,9.829,,,,
3268,05/12/16 06:45:00 AM,9.854,,,,
3269,05/12/16 07:00:00 AM,9.854,,,,
3270,05/12/16 07:15:00 AM,9.854,,,,
3271,05/12/16 07:30:00 AM,9.879,,,,
3272,05/12/16 07:45:00 AM,9.928,,,,
3273,05/12/16 08:00:00 AM,10.001,,,,
3274,05/12/16 08:15:00 AM,10.026,,,,
3275,05/12/16 08:30:00 AM,10.345,,,,
3276,05/12/16 08:45:00 AM,10.271,,,,
3277,05/12/16 09:00:00 AM,10.590,,,,
3278,05/12/16 09:15:00 AM,11.565,,,,
3279,05/12/16 09:30:00 AM,13.546,,,,
3280,05/12/16 09:45:00 AM,14.984,,,,
3281,05/12/16 10:00:00 AM,15.629,,,,
3282,05/12/16 10:15:00 AM,15.843,,,,
3283,05/12/16 10:30:00 AM,16.511,,,,
3284,05/12/16 10:45:00 AM,17.915,,,,
3285,05/12/16 11:00:00 AM,18.200,,,,
3286,05/12/16 11:15:00 AM,17.772,,,,
3287,05/12/16 11:30:00 AM,19.627,,,,
3288,05/12/16 11:45:00 AM,21.127,,,,
3289,05/12/16 12:00:00 PM,22.130,,,,
3290,05/12/16 12:15:00 PM,19.817,,,,
3291,05/12/16 12:30:00 PM,17.510,,,,
3292,05/12/16 12:45:00 PM,18.675,,,,
3293,05/12/16 01:00:00 PM,19.270,,,,
3294,05/12/16 01:15:00 PM,18.200,,,,
3295,05/12/16 01:30:00 PM,16.344,,,,
3296,05/12/16 01:45:00 PM,14.649,,,,
3297,05/12/16 02:00:00 PM,15.629,,,,
3298,05/12/16 02:15:00 PM,12.461,,,,
3299,05/12/16 02:30:00 PM,13.016,,,,
3300,05/12/16 02:45:00 PM,11.273,,,,
3301,05/12/16 03:00:00 PM,12.316,,,,
3302,05/12/16 03:15:00 PM,11.565,,,,
3303,05/12/16 03:30:00 PM,11.832,,,,
3304,05/12/16 03:45:00 PM,11.759,,,,
3305,05/12/16 04:00:00 PM,11.807,,,,
3306,05/12/16 04:15:00 PM,11.419,,,,
3307,05/12/16 04:30:00 PM,11.662,,,,
3308,05/12/16 04:45:00 PM,11.467,,,,
3309,05/12/16 05:00:00 PM,11.443,,,,
3310,05/12/16 05:15:00 PM,11.467,,,,
3311,05/12/16 05:30:00 PM,11.419,,,,
3312,05/12/16 05:45:00 PM,11.394,,,,
3313,05/12/16 06:00:00 PM,11.467,,,,
3314,05/12/16 06:15:00 PM,11.443,,,,
3315,05/12/16 06:30:00 PM,11.394,,,,
3316,05/12/16 06:45:00 PM,11.394,,,,
3317,05/12/16 07:00:00 PM,11.394,,,,
3318,05/12/16 07:15:00 PM,11.394,,,,
3319,05/12/16 07:30:00 PM,11.394,,,,
3320,05/12/16 07:45:00 PM,11.394,,,,
3321,05/12/16 08:00:00 PM,11.370,,,,
3322,05/12/16 08:15:00 PM,11.370,,,,
3323,05/12/16 08:30:00 PM,11.346,,,,
3324,05/12/16 08:45:00 PM,11.321,,,,
3325,05/12/16 09:00:00 PM,11.297,,,,
3326,05/12/16 09:15:00 PM,11.273,,,,
3327,05/12/16 09:30:00 PM,11.224,,,,
3328,05/12/16 09:45:00 PM,11.200,,,,
3329,05/12/16 10:00:00 PM,11.102,,,,
3330,05/12/16 10:15:00 PM,11.078,,,,
3331,05/12/16 10:30:00 PM,11.102,,,,
3332,05/12/16 10:45:00 PM,11.078,,,,
3333,05/12/16 11:00:00 PM,11.005,,,,
3334,05/12/16 11:15:00 PM,10.883,,,,
3335,05/12/16 11:30:00 PM,10.687,,,,
3336,05/12/16 11:45:00 PM,10.638,,,,
3337,05/13/16 12:00:00 AM,10.687,,,,
3338,05/13/16 12:15:00 AM,10.590,,,,
3339,05/13/16 12:30:00 AM,10.663,,,,
3340,05/13/16 12:45:00 AM,10.663,,,,
3341,05/13/16 01:00:00 AM,10.590,,,,
3342,05/13/16 01:15:00 AM,10.590,,,,
3343,05/13/16 01:30:00 AM,10.516,,,,
3344,05/13/16 01:45:00 AM,10.516,,,,
3345,05/13/16 02:00:00 AM,10.492,,,,
3346,05/13/16 02:15:00 AM,10.443,,,,
3347,05/13/16 02:30:00 AM,10.418,,,,
3348,05/13/16 02:45:00 AM,10.369,,,,
3349,05/13/16 03:00:00 AM,10.394,,,,
3350,05/13/16 03:15:00 AM,10.345,,,,
3351,05/13/16 03:30:00 AM,10.345,,,,
3352,05/13/16 03:45:00 AM,10.369,,,,
3353,05/13/16 04:00:00 AM,10.345,,,,
3354,05/13/16 04:15:00 AM,10.369,,,,
3355,05/13/16 04:30:00 AM,10.369,,,,
3356,05/13/16 04:45:00 AM,10.369,,,,
3357,05/13/16 05:00:00 AM,10.394,,,,
3358,05/13/16 05:15:00 AM,10.394,,,,
3359,05/13/16 05:30:00 AM,10.394,,,,
3360,05/13/16 05:45:00 AM,10.369,,,,
3361,05/13/16 06:00:00 AM,10.369,,,,
3362,05/13/16 06:15:00 AM,10.394,,,,
3363,05/13/16 06:30:00 AM,10.369,,,,
3364,05/13/16 06:45:00 AM,10.369,,,,
3365,05/13/16 07:00:00 AM,10.394,,,,
3366,05/13/16 07:15:00 AM,10.418,,,,
3367,05/13/16 07:30:00 AM,10.443,,,,
3368,05/13/16 07:45:00 AM,10.492,,,,
3369,05/13/16 08:00:00 AM,10.590,,,,
3370,05/13/16 08:15:00 AM,10.541,,,,
3371,05/13/16 08:30:00 AM,10.785,,,,
3372,05/13/16 08:45:00 AM,11.005,,,,
3373,05/13/16 09:00:00 AM,10.736,,,,
3374,05/13/16 09:15:00 AM,10.907,,,,
3375,05/13/16 09:30:00 AM,10.932,,,,
3376,05/13/16 09:45:00 AM,11.005,,,,
3377,05/13/16 10:00:00 AM,11.273,,,,
3378,05/13/16 10:15:00 AM,11.346,,,,
3379,05/13/16 10:30:00 AM,11.686,,,,
3380,05/13/16 10:45:00 AM,11.589,,,,
3381,05/13/16 11:00:00 AM,12.727,,,,
3382,05/13/16 11:15:00 AM,13.137,,,,
3383,05/13/16 11:30:00 AM,13.233,,,,
3384,05/13/16 11:45:00 AM,14.074,,,,
3385,05/13/16 12:00:00 PM,14.361,,,,
3386,05/13/16 12:15:00 PM,14.745,,,,
3387,05/13/16 12:30:00 PM,14.314,,,,
3388,05/13/16 12:45:00 PM,14.697,,,,
3389,05/13/16 01:00:00 PM,15.652,,,,
3390,05/13/16 01:15:00 PM,15.438,,,,
3391,05/13/16 01:30:00 PM,15.986,,,,
3392,05/13/16 01:45:00 PM,16.392,,,,
3393,05/13/16 02:00:00 PM,16.082,,,,
3394,05/13/16 02:15:00 PM,15.127,,,,
3395,05/13/16 02:30:00 PM,14.074,,,,
3396,05/13/16 02:45:00 PM,15.796,,,,
3397,05/13/16 03:00:00 PM,16.392,,,,
3398,05/13/16 03:15:00 PM,13.666,,,,
3399,05/13/16 03:30:00 PM,12.992,,,,
3400,05/13/16 03:45:00 PM,13.281,,,,
3401,05/13/16 04:00:00 PM,12.727,,,,
3402,05/13/16 04:15:00 PM,13.906,,,,
3403,05/13/16 04:30:00 PM,13.882,,,,
3404,05/13/16 04:45:00 PM,13.642,,,,
3405,05/13/16 05:00:00 PM,12.896,,,,
3406,05/13/16 05:15:00 PM,13.161,,,,
3407,05/13/16 05:30:00 PM,12.509,,,,
3408,05/13/16 05:45:00 PM,12.243,,,,
3409,05/13/16 06:00:00 PM,12.292,,,,
3410,05/13/16 06:15:00 PM,12.292,,,,
3411,05/13/16 06:30:00 PM,12.292,,,,
3412,05/13/16 06:45:00 PM,12.292,,,,
3413,05/13/16 07:00:00 PM,12.268,,,,
3414,05/13/16 07:15:00 PM,12.292,,,,
3415,05/13/16 07:30:00 PM,12.364,,,,
3416,05/13/16 07:45:00 PM,12.316,,,,
3417,05/13/16 08:00:00 PM,12.243,,,,
3418,05/13/16 08:15:00 PM,12.171,,,,
3419,05/13/16 08:30:00 PM,12.098,,,,
3420,05/13/16 08:45:00 PM,12.098,,,,
3421,05/13/16 09:00:00 PM,12.074,,,,
3422,05/13/16 09:15:00 PM,11.929,,,,
3423,05/13/16 09:30:00 PM,11.880,,,,
3424,05/13/16 09:45:00 PM,11.856,,,,
3425,05/13/16 10:00:00 PM,11.613,,,,
3426,05/13/16 10:15:00 PM,11.467,,,,
3427,05/13/16 10:30:00 PM,11.637,,,,
3428,05/13/16 10:45:00 PM,11.540,,,,
3429,05/13/16 11:00:00 PM,11.467,,,,
3430,05/13/16 11:15:00 PM,11.637,,,,
3431,05/13/16 11:30:00 PM,11.565,,,,
3432,05/13/16 11:45:00 PM,11.613,,,,
3433,05/14/16 12:00:00 AM,11.467,,,,
3434,05/14/16 12:15:00 AM,11.297,,,,
3435,05/14/16 12:30:00 AM,11.540,,,,
3436,05/14/16 12:45:00 AM,11.297,,,,
3437,05/14/16 01:00:00 AM,11.273,,,,
3438,05/14/16 01:15:00 AM,11.053,,,,
3439,05/14/16 01:30:00 AM,10.980,,,,
3440,05/14/16 01:45:00 AM,10.907,,,,
3441,05/14/16 02:00:00 AM,10.810,,,,
3442,05/14/16 02:15:00 AM,10.736,,,,
3443,05/14/16 02:30:00 AM,11.273,,,,
3444,05/14/16 02:45:00 AM,11.443,,,,
3445,05/14/16 03:00:00 AM,11.248,,,,
3446,05/14/16 03:15:00 AM,11.394,,,,
3447,05/14/16 03:30:00 AM,11.248,,,,
3448,05/14/16 03:45:00 AM,11.297,,,,
3449,05/14/16 04:00:00 AM,11.492,,,,
3450,05/14/16 04:15:00 AM,11.467,,,,
3451,05/14/16 04:30:00 AM,11.492,,,,
3452,05/14/16 04:45:00 AM,11.492,,,,
3453,05/14/16 05:00:00 AM,11.467,,,,
3454,05/14/16 05:15:00 AM,11.589,,,,
3455,05/14/16 05:30:00 AM,11.565,,,,
3456,05/14/16 05:45:00 AM,11.565,,,,
3457,05/14/16 06:00:00 AM,11.565,,,,
3458,05/14/16 06:15:00 AM,11.565,,,,
3459,05/14/16 06:30:00 AM,11.565,,,,
3460,05/14/16 06:45:00 AM,11.565,,,,
3461,05/14/16 07:00:00 AM,11.516,,,,
3462,05/14/16 07:15:00 AM,11.516,,,,
3463,05/14/16 07:30:00 AM,11.516,,,,
3464,05/14/16 07:45:00 AM,11.565,,,,
3465,05/14/16 08:00:00 AM,11.565,,,,
3466,05/14/16 08:15:00 AM,11.613,,,,
3467,05/14/16 08:30:00 AM,11.807,,,,
3468,05/14/16 08:45:00 AM,12.219,,,,
3469,05/14/16 09:00:00 AM,12.219,,,,
3470,05/14/16 09:15:00 AM,12.195,,,,
3471,05/14/16 09:30:00 AM,12.171,,,,
3472,05/14/16 09:45:00 AM,12.219,,,,
3473,05/14/16 10:00:00 AM,12.316,,,,
3474,05/14/16 10:15:00 AM,12.195,,,,
3475,05/14/16 10:30:00 AM,12.413,,,,
3476,05/14/16 10:45:00 AM,12.678,,,,
3477,05/14/16 11:00:00 AM,12.799,,,,
3478,05/14/16 11:15:00 AM,13.305,,,,
3479,05/14/16 11:30:00 AM,13.305,,,,
3480,05/14/16 11:45:00 AM,13.233,,,,
3481,05/14/16 12:00:00 PM,13.329,,,,
3482,05/14/16 12:15:00 PM,13.209,,,,
3483,05/14/16 12:30:00 PM,12.968,,,,
3484,05/14/16 12:45:00 PM,13.401,,,,
3485,05/14/16 01:00:00 PM,13.497,,,,
3486,05/14/16 01:15:00 PM,13.401,,,,
3487,05/14/16 01:30:00 PM,14.146,,,,
3488,05/14/16 01:45:00 PM,14.385,,,,
3489,05/14/16 02:00:00 PM,14.745,,,,
3490,05/14/16 02:15:00 PM,14.266,,,,
3491,05/14/16 02:30:00 PM,14.098,,,,
3492,05/14/16 02:45:00 PM,14.242,,,,
3493,05/14/16 03:00:00 PM,14.768,,,,
3494,05/14/16 03:15:00 PM,14.649,,,,
3495,05/14/16 03:30:00 PM,14.002,,,,
3496,05/14/16 03:45:00 PM,13.690,,,,
3497,05/14/16 04:00:00 PM,13.570,,,,
3498,05/14/16 04:15:00 PM,13.882,,,,
3499,05/14/16 04:30:00 PM,13.353,,,,
3500,05/14/16 04:45:00 PM,13.618,,,,
3501,05/14/16 05:00:00 PM,14.888,,,,
3502,05/14/16 05:15:00 PM,14.170,,,,
3503,05/14/16 05:30:00 PM,13.257,,,,
3504,05/14/16 05:45:00 PM,12.968,,,,
3505,05/14/16 06:00:00 PM,12.871,,,,
3506,05/14/16 06:15:00 PM,12.727,,,,
3507,05/14/16 06:30:00 PM,12.364,,,,
3508,05/14/16 06:45:00 PM,12.147,,,,
3509,05/14/16 07:00:00 PM,12.098,,,,
3510,05/14/16 07:15:00 PM,12.074,,,,
3511,05/14/16 07:30:00 PM,12.001,,,,
3512,05/14/16 07:45:00 PM,12.001,,,,
3513,05/14/16 08:00:00 PM,12.001,,,,
3514,05/14/16 08:15:00 PM,11.977,,,,
3515,05/14/16 08:30:00 PM,11.953,,,,
3516,05/14/16 08:45:00 PM,11.953,,,,
3517,05/14/16 09:00:00 PM,11.953,,,,
3518,05/14/16 09:15:00 PM,11.929,,,,
3519,05/14/16 09:30:00 PM,11.929,,,,
3520,05/14/16 09:45:00 PM,11.929,,,,
3521,05/14/16 10:00:00 PM,11.929,,,,
3522,05/14/16 10:15:00 PM,11.929,,,,
3523,05/14/16 10:30:00 PM,11.929,,,,
3524,05/14/16 10:45:00 PM,11.953,,,,
3525,05/14/16 11:00:00 PM,11.953,,,,
3526,05/14/16 11:15:00 PM,11.929,,,,
3527,05/14/16 11:30:00 PM,11.953,,,,
3528,05/14/16 11:45:00 PM,11.929,,,,
3529,05/15/16 12:00:00 AM,11.929,,,,
3530,05/15/16 12:15:00 AM,11.953,,,,
3531,05/15/16 12:30:00 AM,11.977,,,,
3532,05/15/16 12:45:00 AM,11.953,,,,
3533,05/15/16 01:00:00 AM,11.880,,,,
3534,05/15/16 01:15:00 AM,11.929,,,,
3535,05/15/16 01:30:00 AM,11.904,,,,
3536,05/15/16 01:45:00 AM,11.880,,,,
3537,05/15/16 02:00:00 AM,11.856,,,,
3538,05/15/16 02:15:00 AM,11.880,,,,
3539,05/15/16 02:30:00 AM,11.880,,,,
3540,05/15/16 02:45:00 AM,11.880,,,,
3541,05/15/16 03:00:00 AM,11.880,,,,
3542,05/15/16 03:15:00 AM,11.904,,,,
3543,05/15/16 03:30:00 AM,11.904,,,,
3544,05/15/16 03:45:00 AM,11.856,,,,
3545,05/15/16 04:00:00 AM,11.880,,,,
3546,05/15/16 04:15:00 AM,11.880,,,,
3547,05/15/16 04:30:00 AM,11.880,,,,
3548,05/15/16 04:45:00 AM,11.880,,,,
3549,05/15/16 05:00:00 AM,12.001,,,,
3550,05/15/16 05:15:00 AM,11.904,,,,
3551,05/15/16 05:30:00 AM,11.880,,,,
3552,05/15/16 05:45:00 AM,11.929,,,,
3553,05/15/16 06:00:00 AM,11.880,,,,
3554,05/15/16 06:15:00 AM,11.904,,,,
3555,05/15/16 06:30:00 AM,11.929,,,,
3556,05/15/16 06:45:00 AM,11.953,,,,
3557,05/15/16 07:00:00 AM,11.929,,,,
3558,05/15/16 07:15:00 AM,11.904,,,,
3559,05/15/16 07:30:00 AM,11.929,,,,
3560,05/15/16 07:45:00 AM,12.098,,,,
3561,05/15/16 08:00:00 AM,12.001,,,,
3562,05/15/16 08:15:00 AM,12.122,,,,
3563,05/15/16 08:30:00 AM,12.074,,,,
3564,05/15/16 08:45:00 AM,12.292,,,,
3565,05/15/16 09:00:00 AM,12.147,,,,
3566,05/15/16 09:15:00 AM,12.413,,,,
3567,05/15/16 09:30:00 AM,12.147,,,,
3568,05/15/16 09:45:00 AM,12.606,,,,
3569,05/15/16 10:00:00 AM,13.690,,,,
3570,05/15/16 10:15:00 AM,12.461,,,,
3571,05/15/16 10:30:00 AM,13.016,,,,
3572,05/15/16 10:45:00 AM,12.823,,,,
3573,05/15/16 11:00:00 AM,13.088,,,,
3574,05/15/16 11:15:00 AM,12.799,,,,
3575,05/15/16 11:30:00 AM,13.112,,,,
3576,05/15/16 11:45:00 AM,13.185,,,,
3577,05/15/16 12:00:00 PM,13.353,,,,
3578,05/15/16 12:15:00 PM,13.377,,,,
3579,05/15/16 12:30:00 PM,14.098,,,,
3580,05/15/16 12:45:00 PM,14.553,,,,
3581,05/15/16 01:00:00 PM,13.137,,,,
3582,05/15/16 01:15:00 PM,14.361,,,,
3583,05/15/16 01:30:00 PM,14.409,,,,
3584,05/15/16 01:45:00 PM,14.768,,,,
3585,05/15/16 02:00:00 PM,15.008,,,,
3586,05/15/16 02:15:00 PM,15.079,,,,
3587,05/15/16 02:30:00 PM,14.721,,,,
3588,05/15/16 02:45:00 PM,14.290,,,,
3589,05/15/16 03:00:00 PM,14.337,,,,
3590,05/15/16 03:15:00 PM,14.266,,,,
3591,05/15/16 03:30:00 PM,14.194,,,,
3592,05/15/16 03:45:00 PM,13.642,,,,
3593,05/15/16 04:00:00 PM,13.762,,,,
3594,05/15/16 04:15:00 PM,13.594,,,,
3595,05/15/16 04:30:00 PM,13.281,,,,
3596,05/15/16 04:45:00 PM,12.775,,,,
3597,05/15/16 05:00:00 PM,12.847,,,,
3598,05/15/16 05:15:00 PM,13.209,,,,
3599,05/15/16 05:30:00 PM,12.727,,,,
3600,05/15/16 05:45:00 PM,12.703,,,,
3601,05/15/16 06:00:00 PM,12.968,,,,
3602,05/15/16 06:15:00 PM,12.799,,,,
3603,05/15/16 06:30:00 PM,12.606,,,,
3604,05/15/16 06:45:00 PM,12.606,,,,
3605,05/15/16 07:00:00 PM,12.606,,,,
3606,05/15/16 07:15:00 PM,12.630,,,,
3607,05/15/16 07:30:00 PM,12.654,,,,
3608,05/15/16 07:45:00 PM,12.582,,,,
3609,05/15/16 08:00:00 PM,12.582,,,,
3610,05/15/16 08:15:00 PM,12.558,,,,
3611,05/15/16 08:30:00 PM,12.558,,,,
3612,05/15/16 08:45:00 PM,12.558,,,,
3613,05/15/16 09:00:00 PM,12.534,,,,
3614,05/15/16 09:15:00 PM,12.534,,,,
3615,05/15/16 09:30:00 PM,12.534,,,,
3616,05/15/16 09:45:00 PM,12.534,,,,
3617,05/15/16 10:00:00 PM,12.534,,,,
3618,05/15/16 10:15:00 PM,12.534,,,,
3619,05/15/16 10:30:00 PM,12.534,,,,
3620,05/15/16 10:45:00 PM,12.534,,,,
3621,05/15/16 11:00:00 PM,12.534,,,,
3622,05/15/16 11:15:00 PM,12.534,,,,
3623,05/15/16 11:30:00 PM,12.534,,,,
3624,05/15/16 11:45:00 PM,12.534,,,,
3625,05/16/16 12:00:00 AM,12.509,,,,
3626,05/16/16 12:15:00 AM,12.509,,,,
3627,05/16/16 12:30:00 AM,12.509,,,,
3628,05/16/16 12:45:00 AM,12.485,,,,
3629,05/16/16 01:00:00 AM,12.485,,,,
3630,05/16/16 01:15:00 AM,12.485,,,,
3631,05/16/16 01:30:00 AM,12.389,,,,
3632,05/16/16 01:45:00 AM,12.461,,,,
3633,05/16/16 02:00:00 AM,12.485,,,,
3634,05/16/16 02:15:00 AM,12.437,,,,
3635,05/16/16 02:30:00 AM,12.389,,,,
3636,05/16/16 02:45:00 AM,12.243,,,,
3637,05/16/16 03:00:00 AM,12.025,,,,
3638,05/16/16 03:15:00 AM,11.807,,,,
3639,05/16/16 03:30:00 AM,12.074,,,,
3640,05/16/16 03:45:00 AM,11.856,,,,
3641,05/16/16 04:00:00 AM,12.268,,,,
3642,05/16/16 04:15:00 AM,12.025,,,,
3643,05/16/16 04:30:00 AM,11.929,,,,
3644,05/16/16 04:45:00 AM,11.807,,,,
3645,05/16/16 05:00:00 AM,12.122,,,,
3646,05/16/16 05:15:00 AM,12.001,,,,
3647,05/16/16 05:30:00 AM,12.268,,,,
3648,05/16/16 05:45:00 AM,12.268,,,,
3649,05/16/16 06:00:00 AM,12.268,,,,
3650,05/16/16 06:15:00 AM,12.340,,,,
3651,05/16/16 06:30:00 AM,12.292,,,,
3652,05/16/16 06:45:00 AM,12.413,,,,
3653,05/16/16 07:00:00 AM,12.461,,,,
3654,05/16/16 07:15:00 AM,12.485,,,,
3655,05/16/16 07:30:00 AM,12.534,,,,
3656,05/16/16 07:45:00 AM,12.799,,,,
3657,05/16/16 08:00:00 AM,12.630,,,,
3658,05/16/16 08:15:00 AM,12.630,,,,
3659,05/16/16 08:30:00 AM,12.703,,,,
3660,05/16/16 08:45:00 AM,12.775,,,,
3661,05/16/16 09:00:00 AM,13.088,,,,
3662,05/16/16 09:15:00 AM,12.896,,,,
3663,05/16/16 09:30:00 AM,12.896,,,,
3664,05/16/16 09:45:00 AM,13.161,,,,
3665,05/16/16 10:00:00 AM,13.040,,,,
3666,05/16/16 10:15:00 AM,13.064,,,,
3667,05/16/16 10:30:00 AM,12.992,,,,
3668,05/16/16 10:45:00 AM,12.968,,,,
3669,05/16/16 11:00:00 AM,12.992,,,,
3670,05/16/16 11:15:00 AM,13.305,,,,
3671,05/16/16 11:30:00 AM,13.353,,,,
3672,05/16/16 11:45:00 AM,13.738,,,,
3673,05/16/16 12:00:00 PM,14.553,,,,
3674,05/16/16 12:15:00 PM,15.031,,,,
3675,05/16/16 12:30:00 PM,14.745,,,,
3676,05/16/16 12:45:00 PM,13.930,,,,
3677,05/16/16 01:00:00 PM,14.002,,,,
3678,05/16/16 01:15:00 PM,14.529,,,,
3679,05/16/16 01:30:00 PM,15.151,,,,
3680,05/16/16 01:45:00 PM,16.034,,,,
3681,05/16/16 02:00:00 PM,16.463,,,,
3682,05/16/16 02:15:00 PM,16.106,,,,
3683,05/16/16 02:30:00 PM,16.010,,,,
3684,05/16/16 02:45:00 PM,15.843,,,,
3685,05/16/16 03:00:00 PM,16.582,,,,
3686,05/16/16 03:15:00 PM,17.106,,,,
3687,05/16/16 03:30:00 PM,16.654,,,,
3688,05/16/16 03:45:00 PM,16.534,,,,
3689,05/16/16 04:00:00 PM,16.106,,,,
3690,05/16/16 04:15:00 PM,15.103,,,,
3691,05/16/16 04:30:00 PM,15.294,,,,
3692,05/16/16 04:45:00 PM,16.915,,,,
3693,05/16/16 05:00:00 PM,15.485,,,,
3694,05/16/16 05:15:00 PM,15.390,,,,
3695,05/16/16 05:30:00 PM,14.649,,,,
3696,05/16/16 05:45:00 PM,14.026,,,,
3697,05/16/16 06:00:00 PM,13.522,,,,
3698,05/16/16 06:15:00 PM,13.281,,,,
3699,05/16/16 06:30:00 PM,13.137,,,,
3700,05/16/16 06:45:00 PM,13.305,,,,
3701,05/16/16 07:00:00 PM,13.329,,,,
3702,05/16/16 07:15:00 PM,13.497,,,,
3703,05/16/16 07:30:00 PM,13.449,,,,
3704,05/16/16 07:45:00 PM,13.594,,,,
3705,05/16/16 08:00:00 PM,13.546,,,,
3706,05/16/16 08:15:00 PM,13.546,,,,
3707,05/16/16 08:30:00 PM,13.546,,,,
3708,05/16/16 08:45:00 PM,13.522,,,,
3709,05/16/16 09:00:00 PM,13.522,,,,
3710,05/16/16 09:15:00 PM,13.522,,,,
3711,05/16/16 09:30:00 PM,13.497,,,,
3712,05/16/16 09:45:00 PM,13.473,,,,
3713,05/16/16 10:00:00 PM,13.473,,,,
3714,05/16/16 10:15:00 PM,13.449,,,,
3715,05/16/16 10:30:00 PM,13.449,,,,
3716,05/16/16 10:45:00 PM,13.305,,,,
3717,05/16/16 11:00:00 PM,13.137,,,,
3718,05/16/16 11:15:00 PM,12.920,,,,
3719,05/16/16 11:30:00 PM,12.630,,,,
3720,05/16/16 11:45:00 PM,12.413,,,,
3721,05/17/16 12:00:00 AM,12.195,,,,
3722,05/17/16 12:15:00 AM,11.807,,,,
3723,05/17/16 12:30:00 AM,11.880,,,,
3724,05/17/16 12:45:00 AM,11.856,,,,
3725,05/17/16 01:00:00 AM,11.321,,,,
3726,05/17/16 01:15:00 AM,11.419,,,,
3727,05/17/16 01:30:00 AM,11.005,,,,
3728,05/17/16 01:45:00 AM,11.856,,,,
3729,05/17/16 02:00:00 AM,11.321,,,,
3730,05/17/16 02:15:00 AM,10.785,,,,
3731,05/17/16 02:30:00 AM,10.247,,,,
3732,05/17/16 02:45:00 AM,10.467,,,,
3733,05/17/16 03:00:00 AM,10.173,,,,
3734,05/17/16 03:15:00 AM,9.977,,,,
3735,05/17/16 03:30:00 AM,9.435,,,,
3736,05/17/16 03:45:00 AM,9.386,,,,
3737,05/17/16 04:00:00 AM,9.262,,,,
3738,05/17/16 04:15:00 AM,9.238,,,,
3739,05/17/16 04:30:00 AM,9.015,,,,
3740,05/17/16 04:45:00 AM,8.419,,,,
3741,05/17/16 05:00:00 AM,7.870,,,,
3742,05/17/16 05:15:00 AM,7.770,,,,
3743,05/17/16 05:30:00 AM,8.095,,,,
3744,05/17/16 05:45:00 AM,7.820,,,,
3745,05/17/16 06:00:00 AM,8.020,,,,
3746,05/17/16 06:15:00 AM,8.916,,,,
3747,05/17/16 06:30:00 AM,10.736,,,,
3748,05/17/16 06:45:00 AM,10.663,,,,
3749,05/17/16 07:00:00 AM,11.273,,,,
3750,05/17/16 07:15:00 AM,11.807,,,,
3751,05/17/16 07:30:00 AM,11.904,,,,
3752,05/17/16 07:45:00 AM,12.606,,,,
3753,05/17/16 08:00:00 AM,13.786,,,,
3754,05/17/16 08:15:00 AM,12.050,,,,
3755,05/17/16 08:30:00 AM,12.558,,,,
3756,05/17/16 08:45:00 AM,11.783,,,,
3757,05/17/16 09:00:00 AM,11.613,,,,
3758,05/17/16 09:15:00 AM,13.618,,,,
3759,05/17/16 09:30:00 AM,12.243,,,,
3760,05/17/16 09:45:00 AM,12.147,,,,
3761,05/17/16 10:00:00 AM,12.050,,,,
3762,05/17/16 10:15:00 AM,12.461,,,,
3763,05/17/16 10:30:00 AM,12.195,,,,
3764,05/17/16 10:45:00 AM,12.025,,,,
3765,05/17/16 11:00:00 AM,12.534,,,,
3766,05/17/16 11:15:00 AM,12.389,,,,
3767,05/17/16 11:30:00 AM,12.413,,,,
3768,05/17/16 11:45:00 AM,12.364,,,,
3769,05/17/16 12:00:00 PM,12.992,,,,
3770,05/17/16 12:15:00 PM,13.786,,,,
3771,05/17/16 12:30:00 PM,12.775,,,,
3772,05/17/16 12:45:00 PM,12.823,,,,
3773,05/17/16 01:00:00 PM,13.088,,,,
3774,05/17/16 01:15:00 PM,13.882,,,,
3775,05/17/16 01:30:00 PM,13.594,,,,
3776,05/17/16 01:45:00 PM,13.906,,,,
3777,05/17/16 02:00:00 PM,13.473,,,,
3778,05/17/16 02:15:00 PM,14.194,,,,
3779,05/17/16 02:30:00 PM,14.170,,,,
3780,05/17/16 02:45:00 PM,14.816,,,,
3781,05/17/16 03:00:00 PM,14.649,,,,
3782,05/17/16 03:15:00 PM,15.008,,,,
3783,05/17/16 03:30:00 PM,14.768,,,,
3784,05/17/16 03:45:00 PM,15.055,,,,
3785,05/17/16 04:00:00 PM,14.673,,,,
3786,05/17/16 04:15:00 PM,14.864,,,,
3787,05/17/16 04:30:00 PM,14.577,,,,
3788,05/17/16 04:45:00 PM,14.936,,,,
3789,05/17/16 05:00:00 PM,14.673,,,,
3790,05/17/16 05:15:00 PM,14.625,,,,
3791,05/17/16 05:30:00 PM,14.337,,,,
3792,05/17/16 05:45:00 PM,14.505,,,,
3793,05/17/16 06:00:00 PM,13.858,,,,
3794,05/17/16 06:15:00 PM,13.546,,,,
3795,05/17/16 06:30:00 PM,13.449,,,,
3796,05/17/16 06:45:00 PM,13.112,,,,
3797,05/17/16 07:00:00 PM,12.799,,,,
3798,05/17/16 07:15:00 PM,12.871,,,,
3799,05/17/16 07:30:00 PM,12.727,,,,
3800,05/17/16 07:45:00 PM,12.847,,,,
3801,05/17/16 08:00:00 PM,12.847,,,,
3802,05/17/16 08:15:00 PM,12.775,,,,
3803,05/17/16 08:30:00 PM,12.775,,,,
3804,05/17/16 08:45:00 PM,12.678,,,,
3805,05/17/16 09:00:00 PM,12.606,,,,
3806,05/17/16 09:15:00 PM,12.582,,,,
3807,05/17/16 09:30:00 PM,12.582,,,,
3808,05/17/16 09:45:00 PM,12.534,,,,
3809,05/17/16 10:00:00 PM,12.485,,,,
3810,05/17/16 10:15:00 PM,12.364,,,,
3811,05/17/16 10:30:00 PM,12.074,,,,
3812,05/17/16 10:45:00 PM,12.001,,,,
3813,05/17/16 11:00:00 PM,11.929,,,,
3814,05/17/16 11:15:00 PM,11.662,,,,
3815,05/17/16 11:30:00 PM,11.686,,,,
3816,05/17/16 11:45:00 PM,11.565,,,,
3817,05/18/16 12:00:00 AM,11.540,,,,
3818,05/18/16 12:15:00 AM,11.419,,,,
3819,05/18/16 12:30:00 AM,11.321,,,,
3820,05/18/16 12:45:00 AM,10.858,,,,
3821,05/18/16 01:00:00 AM,10.858,,,,
3822,05/18/16 01:15:00 AM,10.834,,,,
3823,05/18/16 01:30:00 AM,10.785,,,,
3824,05/18/16 01:45:00 AM,10.516,,,,
3825,05/18/16 02:00:00 AM,10.638,,,,
3826,05/18/16 02:15:00 AM,10.541,,,,
3827,05/18/16 02:30:00 AM,10.394,,,,
3828,05/18/16 02:45:00 AM,10.198,,,,
3829,05/18/16 03:00:00 AM,9.903,,,,
3830,05/18/16 03:15:00 AM,9.608,,,,
3831,05/18/16 03:30:00 AM,9.558,,,,
3832,05/18/16 03:45:00 AM,9.361,,,,
3833,05/18/16 04:00:00 AM,9.312,,,,
3834,05/18/16 04:15:00 AM,9.015,,,,
3835,05/18/16 04:30:00 AM,9.089,,,,
3836,05/18/16 04:45:00 AM,9.089,,,,
3837,05/18/16 05:00:00 AM,8.990,,,,
3838,05/18/16 05:15:00 AM,8.990,,,,
3839,05/18/16 05:30:00 AM,9.040,,,,
3840,05/18/16 05:45:00 AM,8.990,,,,
3841,05/18/16 06:00:00 AM,8.941,,,,
3842,05/18/16 06:15:00 AM,9.213,,,,
3843,05/18/16 06:30:00 AM,9.460,,,,
3844,05/18/16 06:45:00 AM,9.731,,,,
3845,05/18/16 07:00:00 AM,10.198,,,,
3846,05/18/16 07:15:00 AM,10.736,,,,
3847,05/18/16 07:30:00 AM,10.492,,,,
3848,05/18/16 07:45:00 AM,10.149,,,,
3849,05/18/16 08:00:00 AM,9.805,,,,
3850,05/18/16 08:15:00 AM,9.829,,,,
3851,05/18/16 08:30:00 AM,9.977,,,,
3852,05/18/16 08:45:00 AM,10.026,,,,
3853,05/18/16 09:00:00 AM,10.100,,,,
3854,05/18/16 09:15:00 AM,9.977,,,,
3855,05/18/16 09:30:00 AM,10.026,,,,
3856,05/18/16 09:45:00 AM,10.051,,,,
3857,05/18/16 10:00:00 AM,10.369,,,,
3858,05/18/16 10:15:00 AM,10.198,,,,
3859,05/18/16 10:30:00 AM,10.222,,,,
3860,05/18/16 10:45:00 AM,10.296,,,,
3861,05/18/16 11:00:00 AM,10.345,,,,
3862,05/18/16 11:15:00 AM,10.443,,,,
3863,05/18/16 11:30:00 AM,10.443,,,,
3864,05/18/16 11:45:00 AM,10.492,,,,
3865,05/18/16 12:00:00 PM,10.785,,,,
3866,05/18/16 12:15:00 PM,10.687,,,,
3867,05/18/16 12:30:00 PM,10.858,,,,
3868,05/18/16 12:45:00 PM,10.980,,,,
3869,05/18/16 01:00:00 PM,11.200,,,,
3870,05/18/16 01:15:00 PM,11.053,,,,
3871,05/18/16 01:30:00 PM,11.053,,,,
3872,05/18/16 01:45:00 PM,11.248,,,,
3873,05/18/16 02:00:00 PM,11.127,,,,
3874,05/18/16 02:15:00 PM,11.175,,,,
3875,05/18/16 02:30:00 PM,11.029,,,,
3876,05/18/16 02:45:00 PM,10.834,,,,
3877,05/18/16 03:00:00 PM,11.029,,,,
3878,05/18/16 03:15:00 PM,10.907,,,,
3879,05/18/16 03:30:00 PM,10.761,,,,
3880,05/18/16 03:45:00 PM,10.907,,,,
3881,05/18/16 04:00:00 PM,11.053,,,,
3882,05/18/16 04:15:00 PM,11.029,,,,
3883,05/18/16 04:30:00 PM,10.663,,,,
3884,05/18/16 04:45:00 PM,10.810,,,,
3885,05/18/16 05:00:00 PM,11.102,,,,
3886,05/18/16 05:15:00 PM,10.980,,,,
3887,05/18/16 05:30:00 PM,11.102,,,,
3888,05/18/16 05:45:00 PM,10.932,,,,
3889,05/18/16 06:00:00 PM,10.492,,,,
3890,05/18/16 06:15:00 PM,10.394,,,,
3891,05/18/16 06:30:00 PM,10.271,,,,
3892,05/18/16 06:45:00 PM,10.247,,,,
3893,05/18/16 07:00:00 PM,10.222,,,,
3894,05/18/16 07:15:00 PM,10.051,,,,
3895,05/18/16 07:30:00 PM,9.879,,,,
3896,05/18/16 07:45:00 PM,9.977,,,,
3897,05/18/16 08:00:00 PM,10.149,,,,
3898,05/18/16 08:15:00 PM,10.222,,,,
3899,05/18/16 08:30:00 PM,10.247,,,,
3900,05/18/16 08:45:00 PM,10.271,,,,
3901,05/18/16 09:00:00 PM,10.247,,,,
3902,05/18/16 09:15:00 PM,10.198,,,,
3903,05/18/16 09:30:00 PM,10.222,,,,
3904,05/18/16 09:45:00 PM,10.222,,,,
3905,05/18/16 10:00:00 PM,10.247,,,,
3906,05/18/16 10:15:00 PM,10.247,,,,
3907,05/18/16 10:30:00 PM,10.198,,,,
3908,05/18/16 10:45:00 PM,10.173,,,,
3909,05/18/16 11:00:00 PM,10.222,,,,
3910,05/18/16 11:15:00 PM,10.222,,,,
3911,05/18/16 11:30:00 PM,10.222,,,,
3912,05/18/16 11:45:00 PM,10.198,,,,
3913,05/19/16 12:00:00 AM,10.222,,,,
3914,05/19/16 12:15:00 AM,10.198,,,,
3915,05/19/16 12:30:00 AM,10.124,,,,
3916,05/19/16 12:45:00 AM,10.100,,,,
3917,05/19/16 01:00:00 AM,10.124,,,,
3918,05/19/16 01:15:00 AM,10.173,,,,
3919,05/19/16 01:30:00 AM,10.149,,,,
3920,05/19/16 01:45:00 AM,10.124,,,,
3921,05/19/16 02:00:00 AM,10.100,,,,
3922,05/19/16 02:15:00 AM,10.051,,,,
3923,05/19/16 02:30:00 AM,10.026,,,,
3924,05/19/16 02:45:00 AM,9.928,,,,
3925,05/19/16 03:00:00 AM,9.977,,,,
3926,05/19/16 03:15:00 AM,9.879,,,,
3927,05/19/16 03:30:00 AM,9.829,,,,
3928,05/19/16 03:45:00 AM,9.805,,,,
3929,05/19/16 04:00:00 AM,9.780,,,,
3930,05/19/16 04:15:00 AM,9.829,,,,
3931,05/19/16 04:30:00 AM,9.682,,,,
3932,05/19/16 04:45:00 AM,9.632,,,,
3933,05/19/16 05:00:00 AM,9.485,,,,
3934,05/19/16 05:15:00 AM,9.410,,,,
3935,05/19/16 05:30:00 AM,9.386,,,,
3936,05/19/16 05:45:00 AM,9.312,,,,
3937,05/19/16 06:00:00 AM,9.262,,,,
3938,05/19/16 06:15:00 AM,9.509,,,,
3939,05/19/16 06:30:00 AM,9.558,,,,
3940,05/19/16 06:45:00 AM,9.583,,,,
3941,05/19/16 07:00:00 AM,9.706,,,,
3942,05/19/16 07:15:00 AM,9.706,,,,
3943,05/19/16 07:30:00 AM,9.608,,,,
3944,05/19/16 07:45:00 AM,9.608,,,,
3945,05/19/16 08:00:00 AM,9.756,,,,
3946,05/19/16 08:15:00 AM,9.731,,,,
3947,05/19/16 08:30:00 AM,9.608,,,,
3948,05/19/16 08:45:00 AM,9.608,,,,
3949,05/19/16 09:00:00 AM,9.706,,,,
3950,05/19/16 09:15:00 AM,9.706,,,,
3951,05/19/16 09:30:00 AM,9.780,,,,
3952,05/19/16 09:45:00 AM,9.632,,,,
3953,05/19/16 10:00:00 AM,9.731,,,,
3954,05/19/16 10:15:00 AM,9.731,,,,
3955,05/19/16 10:30:00 AM,9.805,,,,
3956,05/19/16 10:45:00 AM,9.952,,,,
3957,05/19/16 11:00:00 AM,9.879,,,,
3958,05/19/16 11:15:00 AM,9.879,,,,
3959,05/19/16 11:30:00 AM,9.952,,,,
3960,05/19/16 11:45:00 AM,9.903,,,,
3961,05/19/16 12:00:00 PM,9.854,,,,
3962,05/19/16 12:15:00 PM,9.854,,,,
3963,05/19/16 12:30:00 PM,10.149,,,,
3964,05/19/16 12:45:00 PM,10.149,,,,
3965,05/19/16 01:00:00 PM,10.100,,,,
3966,05/19/16 01:15:00 PM,10.247,,,,
3967,05/19/16 01:30:00 PM,10.492,,,,
3968,05/19/16 01:45:00 PM,10.638,,,,
3969,05/19/16 02:00:00 PM,10.638,,,,
3970,05/19/16 02:15:00 PM,10.590,,,,
3971,05/19/16 02:30:00 PM,10.541,,,,
3972,05/19/16 02:45:00 PM,10.516,,,,
3973,05/19/16 03:00:00 PM,10.590,,,,
3974,05/19/16 03:15:00 PM,10.590,,,,
3975,05/19/16 03:30:00 PM,10.418,,,,
3976,05/19/16 03:45:00 PM,10.565,,,,
3977,05/19/16 04:00:00 PM,10.565,,,,
3978,05/19/16 04:15:00 PM,10.858,,,,
3979,05/19/16 04:30:00 PM,11.029,,,,
3980,05/19/16 04:45:00 PM,10.932,,,,
3981,05/19/16 05:00:00 PM,11.565,,,,
3982,05/19/16 05:15:00 PM,10.810,,,,
3983,05/19/16 05:30:00 PM,10.394,,,,
3984,05/19/16 05:45:00 PM,10.271,,,,
3985,05/19/16 06:00:00 PM,10.247,,,,
3986,05/19/16 06:15:00 PM,10.100,,,,
3987,05/19/16 06:30:00 PM,10.296,,,,
3988,05/19/16 06:45:00 PM,10.124,,,,
3989,05/19/16 07:00:00 PM,10.124,,,,
3990,05/19/16 07:15:00 PM,10.100,,,,
3991,05/19/16 07:30:00 PM,10.051,,,,
3992,05/19/16 07:45:00 PM,10.026,,,,
3993,05/19/16 08:00:00 PM,10.051,,,,
3994,05/19/16 08:15:00 PM,10.001,,,,
3995,05/19/16 08:30:00 PM,9.879,,,,
3996,05/19/16 08:45:00 PM,9.805,,,,
3997,05/19/16 09:00:00 PM,9.780,,,,
3998,05/19/16 09:15:00 PM,9.780,,,,
3999,05/19/16 09:30:00 PM,9.805,,,,
4000,05/19/16 09:45:00 PM,9.805,,,,
4001,05/19/16 10:00:00 PM,9.829,,,,
4002,05/19/16 10:15:00 PM,9.854,,,,
4003,05/19/16 10:30:00 PM,9.879,,,,
4004,05/19/16 10:45:00 PM,9.903,,,,
4005,05/19/16 11:00:00 PM,10.001,,,,
4006,05/19/16 11:15:00 PM,10.051,,,,
4007,05/19/16 11:30:00 PM,10.001,,,,
4008,05/19/16 11:45:00 PM,9.977,,,,
4009,05/20/16 12:00:00 AM,10.051,,,,
4010,05/20/16 12:15:00 AM,10.124,,,,
4011,05/20/16 12:30:00 AM,10.075,,,,
4012,05/20/16 12:45:00 AM,10.149,,,,
4013,05/20/16 01:00:00 AM,10.222,,,,
4014,05/20/16 01:15:00 AM,10.271,,,,
4015,05/20/16 01:30:00 AM,10.271,,,,
4016,05/20/16 01:45:00 AM,10.296,,,,
4017,05/20/16 02:00:00 AM,10.345,,,,
4018,05/20/16 02:15:00 AM,10.369,,,,
4019,05/20/16 02:30:00 AM,10.394,,,,
4020,05/20/16 02:45:00 AM,10.369,,,,
4021,05/20/16 03:00:00 AM,10.394,,,,
4022,05/20/16 03:15:00 AM,10.369,,,,
4023,05/20/16 03:30:00 AM,10.369,,,,
4024,05/20/16 03:45:00 AM,10.247,,,,
4025,05/20/16 04:00:00 AM,10.051,,,,
4026,05/20/16 04:15:00 AM,9.558,,,,
4027,05/20/16 04:30:00 AM,9.460,,,,
4028,05/20/16 04:45:00 AM,9.262,,,,
4029,05/20/16 05:00:00 AM,8.767,,,,
4030,05/20/16 05:15:00 AM,7.795,,,,
4031,05/20/16 05:30:00 AM,7.142,,,,
4032,05/20/16 05:45:00 AM,6.864,,,,
4033,05/20/16 06:00:00 AM,8.220,,,,
4034,05/20/16 06:15:00 AM,7.870,,,,
4035,05/20/16 06:30:00 AM,8.444,,,,
4036,05/20/16 06:45:00 AM,9.558,,,,
4037,05/20/16 07:00:00 AM,10.516,,,,
4038,05/20/16 07:15:00 AM,12.195,,,,
4039,05/20/16 07:30:00 AM,12.871,,,,
4040,05/20/16 07:45:00 AM,13.930,,,,
4041,05/20/16 08:00:00 AM,11.904,,,,
4042,05/20/16 08:15:00 AM,12.219,,,,
4043,05/20/16 08:30:00 AM,11.200,,,,
4044,05/20/16 08:45:00 AM,10.247,,,,
4045,05/20/16 09:00:00 AM,10.736,,,,
4046,05/20/16 09:15:00 AM,10.100,,,,
4047,05/20/16 09:30:00 AM,10.100,,,,
4048,05/20/16 09:45:00 AM,10.100,,,,
4049,05/20/16 10:00:00 AM,9.952,,,,
4050,05/20/16 10:15:00 AM,10.001,,,,
4051,05/20/16 10:30:00 AM,9.879,,,,
4052,05/20/16 10:45:00 AM,9.854,,,,
4053,05/20/16 11:00:00 AM,9.977,,,,
4054,05/20/16 11:15:00 AM,10.173,,,,
4055,05/20/16 11:30:00 AM,10.173,,,,
4056,05/20/16 11:45:00 AM,10.173,,,,
4057,05/20/16 12:00:00 PM,10.247,,,,
4058,05/20/16 12:15:00 PM,10.296,,,,
4059,05/20/16 12:30:00 PM,10.345,,,,
4060,05/20/16 12:45:00 PM,10.492,,,,
4061,05/20/16 01:00:00 PM,10.541,,,,
4062,05/20/16 01:15:00 PM,10.565,,,,
4063,05/20/16 01:30:00 PM,10.638,,,,
4064,05/20/16 01:45:00 PM,10.883,,,,
4065,05/20/16 02:00:00 PM,10.932,,,,
4066,05/20/16 02:15:00 PM,10.980,,,,
4067,05/20/16 02:30:00 PM,10.980,,,,
4068,05/20/16 02:45:00 PM,10.980,,,,
4069,05/20/16 03:00:00 PM,11.053,,,,
4070,05/20/16 03:15:00 PM,11.224,,,,
4071,05/20/16 03:30:00 PM,11.467,,,,
4072,05/20/16 03:45:00 PM,11.419,,,,
4073,05/20/16 04:00:00 PM,11.613,,,,
4074,05/20/16 04:15:00 PM,11.613,,,,
4075,05/20/16 04:30:00 PM,11.856,,,,
4076,05/20/16 04:45:00 PM,11.977,,,,
4077,05/20/16 05:00:00 PM,11.904,,,,
4078,05/20/16 05:15:00 PM,12.461,,,,
4079,05/20/16 05:30:00 PM,12.316,,,,
4080,05/20/16 05:45:00 PM,12.001,,,,
4081,05/20/16 06:00:00 PM,12.050,,,,
4082,05/20/16 06:15:00 PM,11.807,,,,
4083,05/20/16 06:30:00 PM,11.759,,,,
4084,05/20/16 06:45:00 PM,11.832,,,,
4085,05/20/16 07:00:00 PM,11.832,,,,
4086,05/20/16 07:15:00 PM,11.759,,,,
4087,05/20/16 07:30:00 PM,11.759,,,,
4088,05/20/16 07:45:00 PM,11.662,,,,
4089,05/20/16 08:00:00 PM,11.589,,,,
4090,05/20/16 08:15:00 PM,11.467,,,,
4091,05/20/16 08:30:00 PM,11.394,,,,
4092,05/20/16 08:45:00 PM,11.370,,,,
4093,05/20/16 09:00:00 PM,11.273,,,,
4094,05/20/16 09:15:00 PM,11.029,,,,
4095,05/20/16 09:30:00 PM,11.151,,,,
4096,05/20/16 09:45:00 PM,11.102,,,,
4097,05/20/16 10:00:00 PM,11.078,,,,
4098,05/20/16 10:15:00 PM,11.005,,,,
4099,05/20/16 10:30:00 PM,10.932,,,,
4100,05/20/16 10:45:00 PM,10.907,,,,
4101,05/20/16 11:00:00 PM,10.956,,,,
4102,05/20/16 11:15:00 PM,10.956,,,,
4103,05/20/16 11:30:00 PM,10.932,,,,
4104,05/20/16 11:45:00 PM,10.956,,,,
4105,05/21/16 12:00:00 AM,10.980,,,,
4106,05/21/16 12:15:00 AM,10.956,,,,
4107,05/21/16 12:30:00 AM,10.980,,,,
4108,05/21/16 12:45:00 AM,10.980,,,,
4109,05/21/16 01:00:00 AM,10.932,,,,
4110,05/21/16 01:15:00 AM,10.932,,,,
4111,05/21/16 01:30:00 AM,10.932,,,,
4112,05/21/16 01:45:00 AM,10.907,,,,
4113,05/21/16 02:00:00 AM,10.883,,,,
4114,05/21/16 02:15:00 AM,10.858,,,,
4115,05/21/16 02:30:00 AM,10.810,,,,
4116,05/21/16 02:45:00 AM,10.761,,,,
4117,05/21/16 03:00:00 AM,10.663,,,,
4118,05/21/16 03:15:00 AM,10.614,,,,
4119,05/21/16 03:30:00 AM,10.541,,,,
4120,05/21/16 03:45:00 AM,10.443,,,,
4121,05/21/16 04:00:00 AM,10.345,,,,
4122,05/21/16 04:15:00 AM,10.418,,,,
4123,05/21/16 04:30:00 AM,10.296,,,,
4124,05/21/16 04:45:00 AM,10.051,,,,
4125,05/21/16 05:00:00 AM,9.485,,,,
4126,05/21/16 05:15:00 AM,9.410,,,,
4127,05/21/16 05:30:00 AM,8.568,,,,
4128,05/21/16 05:45:00 AM,8.020,,,,
4129,05/21/16 06:00:00 AM,7.845,,,,
4130,05/21/16 06:15:00 AM,8.220,,,,
4131,05/21/16 06:30:00 AM,8.494,,,,
4132,05/21/16 06:45:00 AM,9.139,,,,
4133,05/21/16 07:00:00 AM,9.706,,,,
4134,05/21/16 07:15:00 AM,10.222,,,,
4135,05/21/16 07:30:00 AM,10.638,,,,
4136,05/21/16 07:45:00 AM,10.858,,,,
4137,05/21/16 08:00:00 AM,11.394,,,,
4138,05/21/16 08:15:00 AM,12.098,,,,
4139,05/21/16 08:30:00 AM,12.195,,,,
4140,05/21/16 08:45:00 AM,11.516,,,,
4141,05/21/16 09:00:00 AM,11.419,,,,
4142,05/21/16 09:15:00 AM,11.053,,,,
4143,05/21/16 09:30:00 AM,11.175,,,,
4144,05/21/16 09:45:00 AM,11.443,,,,
4145,05/21/16 10:00:00 AM,11.127,,,,
4146,05/21/16 10:15:00 AM,11.273,,,,
4147,05/21/16 10:30:00 AM,11.273,,,,
4148,05/21/16 10:45:00 AM,11.467,,,,
4149,05/21/16 11:00:00 AM,11.370,,,,
4150,05/21/16 11:15:00 AM,11.394,,,,
4151,05/21/16 11:30:00 AM,11.540,,,,
4152,05/21/16 11:45:00 AM,11.540,,,,
4153,05/21/16 12:00:00 PM,11.589,,,,
4154,05/21/16 12:15:00 PM,11.662,,,,
4155,05/21/16 12:30:00 PM,11.662,,,,
4156,05/21/16 12:45:00 PM,11.637,,,,
4157,05/21/16 01:00:00 PM,11.686,,,,
4158,05/21/16 01:15:00 PM,11.807,,,,
4159,05/21/16 01:30:00 PM,11.734,,,,
4160,05/21/16 01:45:00 PM,11.953,,,,
4161,05/21/16 02:00:00 PM,11.953,,,,
4162,05/21/16 02:15:00 PM,11.856,,,,
4163,05/21/16 02:30:00 PM,12.025,,,,
4164,05/21/16 02:45:00 PM,12.074,,,,
4165,05/21/16 03:00:00 PM,12.171,,,,
4166,05/21/16 03:15:00 PM,12.219,,,,
4167,05/21/16 03:30:00 PM,12.219,,,,
4168,05/21/16 03:45:00 PM,12.147,,,,
4169,05/21/16 04:00:00 PM,12.292,,,,
4170,05/21/16 04:15:00 PM,12.389,,,,
4171,05/21/16 04:30:00 PM,12.219,,,,
4172,05/21/16 04:45:00 PM,12.195,,,,
4173,05/21/16 05:00:00 PM,12.219,,,,
4174,05/21/16 05:15:00 PM,12.268,,,,
4175,05/21/16 05:30:00 PM,12.558,,,,
4176,05/21/16 05:45:00 PM,12.171,,,,
4177,05/21/16 06:00:00 PM,12.485,,,,
4178,05/21/16 06:15:00 PM,12.268,,,,
4179,05/21/16 06:30:00 PM,12.389,,,,
4180,05/21/16 06:45:00 PM,12.171,,,,
4181,05/21/16 07:00:00 PM,12.171,,,,
4182,05/21/16 07:15:00 PM,12.292,,,,
4183,05/21/16 07:30:00 PM,12.243,,,,
4184,05/21/16 07:45:00 PM,12.147,,,,
4185,05/21/16 08:00:00 PM,12.098,,,,
4186,05/21/16 08:15:00 PM,12.074,,,,
4187,05/21/16 08:30:00 PM,12.001,,,,
4188,05/21/16 08:45:00 PM,12.001,,,,
4189,05/21/16 09:00:00 PM,12.001,,,,
4190,05/21/16 09:15:00 PM,12.001,,,,
4191,05/21/16 09:30:00 PM,12.001,,,,
4192,05/21/16 09:45:00 PM,12.001,,,,
4193,05/21/16 10:00:00 PM,12.001,,,,
4194,05/21/16 10:15:00 PM,12.001,,,,
4195,05/21/16 10:30:00 PM,12.001,,,,
4196,05/21/16 10:45:00 PM,12.001,,,,
4197,05/21/16 11:00:00 PM,12.001,,,,
4198,05/21/16 11:15:00 PM,12.001,,,,
4199,05/21/16 11:30:00 PM,12.001,,,,
4200,05/21/16 11:45:00 PM,12.001,,,,
4201,05/22/16 12:00:00 AM,12.025,,,,
4202,05/22/16 12:15:00 AM,12.025,,,,
4203,05/22/16 12:30:00 AM,12.001,,,,
4204,05/22/16 12:45:00 AM,12.001,,,,
4205,05/22/16 01:00:00 AM,12.001,,,,
4206,05/22/16 01:15:00 AM,12.001,,,,
4207,05/22/16 01:30:00 AM,12.001,,,,
4208,05/22/16 01:45:00 AM,12.001,,,,
4209,05/22/16 02:00:00 AM,12.001,,,,
4210,05/22/16 02:15:00 AM,12.001,,,,
4211,05/22/16 02:30:00 AM,11.977,,,,
4212,05/22/16 02:45:00 AM,11.977,,,,
4213,05/22/16 03:00:00 AM,12.001,,,,
4214,05/22/16 03:15:00 AM,11.953,,,,
4215,05/22/16 03:30:00 AM,11.953,,,,
4216,05/22/16 03:45:00 AM,11.953,,,,
4217,05/22/16 04:00:00 AM,11.929,,,,
4218,05/22/16 04:15:00 AM,11.904,,,,
4219,05/22/16 04:30:00 AM,11.929,,,,
4220,05/22/16 04:45:00 AM,11.880,,,,
4221,05/22/16 05:00:00 AM,11.589,,,,
4222,05/22/16 05:15:00 AM,11.565,,,,
4223,05/22/16 05:30:00 AM,11.224,,,,
4224,05/22/16 05:45:00 AM,11.224,,,,
4225,05/22/16 06:00:00 AM,11.321,,,,
4226,05/22/16 06:15:00 AM,11.273,,,,
4227,05/22/16 06:30:00 AM,11.346,,,,
4228,05/22/16 06:45:00 AM,11.443,,,,
4229,05/22/16 07:00:00 AM,11.492,,,,
4230,05/22/16 07:15:00 AM,11.540,,,,
4231,05/22/16 07:30:00 AM,11.904,,,,
4232,05/22/16 07:45:00 AM,11.953,,,,
4233,05/22/16 08:00:00 AM,12.025,,,,
4234,05/22/16 08:15:00 AM,12.147,,,,
4235,05/22/16 08:30:00 AM,12.678,,,,
4236,05/22/16 08:45:00 AM,13.401,,,,
4237,05/22/16 09:00:00 AM,13.594,,,,
4238,05/22/16 09:15:00 AM,14.625,,,,
4239,05/22/16 09:30:00 AM,13.666,,,,
4240,05/22/16 09:45:00 AM,14.170,,,,
4241,05/22/16 10:00:00 AM,13.161,,,,
4242,05/22/16 10:15:00 AM,13.377,,,,
4243,05/22/16 10:30:00 AM,13.473,,,,
4244,05/22/16 10:45:00 AM,13.161,,,,
4245,05/22/16 11:00:00 AM,13.257,,,,
4246,05/22/16 11:15:00 AM,13.016,,,,
4247,05/22/16 11:30:00 AM,13.978,,,,
4248,05/22/16 11:45:00 AM,13.233,,,,
4249,05/22/16 12:00:00 PM,13.834,,,,
4250,05/22/16 12:15:00 PM,13.209,,,,
4251,05/22/16 12:30:00 PM,13.112,,,,
4252,05/22/16 12:45:00 PM,12.992,,,,
4253,05/22/16 01:00:00 PM,13.016,,,,
4254,05/22/16 01:15:00 PM,12.944,,,,
4255,05/22/16 01:30:00 PM,12.871,,,,
4256,05/22/16 01:45:00 PM,12.847,,,,
4257,05/22/16 02:00:00 PM,12.968,,,,
4258,05/22/16 02:15:00 PM,13.233,,,,
4259,05/22/16 02:30:00 PM,12.727,,,,
4260,05/22/16 02:45:00 PM,12.582,,,,
4261,05/22/16 03:00:00 PM,12.558,,,,
4262,05/22/16 03:15:00 PM,12.534,,,,
4263,05/22/16 03:30:00 PM,12.485,,,,
4264,05/22/16 03:45:00 PM,12.582,,,,
4265,05/22/16 04:00:00 PM,12.606,,,,
4266,05/22/16 04:15:00 PM,13.137,,,,
4267,05/22/16 04:30:00 PM,13.594,,,,
4268,05/22/16 04:45:00 PM,13.112,,,,
4269,05/22/16 05:00:00 PM,12.920,,,,
4270,05/22/16 05:15:00 PM,12.630,,,,
4271,05/22/16 05:30:00 PM,12.871,,,,
4272,05/22/16 05:45:00 PM,12.775,,,,
4273,05/22/16 06:00:00 PM,13.281,,,,
4274,05/22/16 06:15:00 PM,13.666,,,,
4275,05/22/16 06:30:00 PM,13.137,,,,
4276,05/22/16 06:45:00 PM,13.377,,,,
4277,05/22/16 07:00:00 PM,13.040,,,,
4278,05/22/16 07:15:00 PM,12.944,,,,
4279,05/22/16 07:30:00 PM,12.534,,,,
4280,05/22/16 07:45:00 PM,12.292,,,,
4281,05/22/16 08:00:00 PM,12.147,,,,
4282,05/22/16 08:15:00 PM,12.195,,,,
4283,05/22/16 08:30:00 PM,12.195,,,,
4284,05/22/16 08:45:00 PM,12.050,,,,
4285,05/22/16 09:00:00 PM,11.977,,,,
4286,05/22/16 09:15:00 PM,11.807,,,,
4287,05/22/16 09:30:00 PM,12.147,,,,
4288,05/22/16 09:45:00 PM,11.977,,,,
4289,05/22/16 10:00:00 PM,12.243,,,,
4290,05/22/16 10:15:00 PM,12.340,,,,
4291,05/22/16 10:30:00 PM,12.316,,,,
4292,05/22/16 10:45:00 PM,12.340,,,,
4293,05/22/16 11:00:00 PM,12.340,,,,
4294,05/22/16 11:15:00 PM,12.340,,,,
4295,05/22/16 11:30:00 PM,12.340,,,,
4296,05/22/16 11:45:00 PM,12.340,,,,
4297,05/23/16 12:00:00 AM,12.340,,,,
4298,05/23/16 12:15:00 AM,12.340,,,,
4299,05/23/16 12:30:00 AM,12.316,,,,
4300,05/23/16 12:45:00 AM,12.316,,,,
4301,05/23/16 01:00:00 AM,12.316,,,,
4302,05/23/16 01:15:00 AM,12.316,,,,
4303,05/23/16 01:30:00 AM,12.316,,,,
4304,05/23/16 01:45:00 AM,12.316,,,,
4305,05/23/16 02:00:00 AM,12.316,,,,
4306,05/23/16 02:15:00 AM,12.316,,,,
4307,05/23/16 02:30:00 AM,12.316,,,,
4308,05/23/16 02:45:00 AM,12.316,,,,
4309,05/23/16 03:00:00 AM,12.316,,,,
4310,05/23/16 03:15:00 AM,12.292,,,,
4311,05/23/16 03:30:00 AM,12.001,,,,
4312,05/23/16 03:45:00 AM,11.953,,,,
4313,05/23/16 04:00:00 AM,11.589,,,,
4314,05/23/16 04:15:00 AM,11.783,,,,
4315,05/23/16 04:30:00 AM,11.710,,,,
4316,05/23/16 04:45:00 AM,11.127,,,,
4317,05/23/16 05:00:00 AM,11.151,,,,
4318,05/23/16 05:15:00 AM,10.907,,,,
4319,05/23/16 05:30:00 AM,10.883,,,,
4320,05/23/16 05:45:00 AM,10.907,,,,
4321,05/23/16 06:00:00 AM,10.956,,,,
4322,05/23/16 06:15:00 AM,11.029,,,,
4323,05/23/16 06:30:00 AM,11.151,,,,
4324,05/23/16 06:45:00 AM,11.248,,,,
4325,05/23/16 07:00:00 AM,11.321,,,,
4326,05/23/16 07:15:00 AM,11.394,,,,
4327,05/23/16 07:30:00 AM,11.686,,,,
4328,05/23/16 07:45:00 AM,11.662,,,,
4329,05/23/16 08:00:00 AM,11.929,,,,
4330,05/23/16 08:15:00 AM,11.904,,,,
4331,05/23/16 08:30:00 AM,11.977,,,,
4332,05/23/16 08:45:00 AM,12.364,,,,
4333,05/23/16 09:00:00 AM,12.389,,,,
4334,05/23/16 09:15:00 AM,12.558,,,,
4335,05/23/16 09:30:00 AM,12.871,,,,
4336,05/23/16 09:45:00 AM,13.137,,,,
4337,05/23/16 10:00:00 AM,13.233,,,,
4338,05/23/16 10:15:00 AM,13.281,,,,
4339,05/23/16 10:30:00 AM,13.522,,,,
4340,05/23/16 10:45:00 AM,13.401,,,,
4341,05/23/16 11:00:00 AM,13.064,,,,
4342,05/23/16 11:15:00 AM,13.257,,,,
4343,05/23/16 11:30:00 AM,13.112,,,,
4344,05/23/16 11:45:00 AM,13.088,,,,
4345,05/23/16 12:00:00 PM,13.112,,,,
4346,05/23/16 12:15:00 PM,12.920,,,,
4347,05/23/16 12:30:00 PM,13.016,,,,
4348,05/23/16 12:45:00 PM,13.112,,,,
4349,05/23/16 01:00:00 PM,12.968,,,,
4350,05/23/16 01:15:00 PM,12.944,,,,
4351,05/23/16 01:30:00 PM,12.968,,,,
4352,05/23/16 01:45:00 PM,13.016,,,,
4353,05/23/16 02:00:00 PM,12.968,,,,
4354,05/23/16 02:15:00 PM,13.016,,,,
4355,05/23/16 02:30:00 PM,13.088,,,,
4356,05/23/16 02:45:00 PM,13.040,,,,
4357,05/23/16 03:00:00 PM,13.137,,,,
4358,05/23/16 03:15:00 PM,13.209,,,,
4359,05/23/16 03:30:00 PM,13.209,,,,
4360,05/23/16 03:45:00 PM,13.305,,,,
4361,05/23/16 04:00:00 PM,13.209,,,,
4362,05/23/16 04:15:00 PM,13.497,,,,
4363,05/23/16 04:30:00 PM,13.329,,,,
4364,05/23/16 04:45:00 PM,13.401,,,,
4365,05/23/16 05:00:00 PM,13.618,,,,
4366,05/23/16 05:15:00 PM,13.570,,,,
4367,05/23/16 05:30:00 PM,13.401,,,,
4368,05/23/16 05:45:00 PM,13.546,,,,
4369,05/23/16 06:00:00 PM,14.194,,,,
4370,05/23/16 06:15:00 PM,14.505,,,,
4371,05/23/16 06:30:00 PM,13.618,,,,
4372,05/23/16 06:45:00 PM,13.738,,,,
4373,05/23/16 07:00:00 PM,13.690,,,,
4374,05/23/16 07:15:00 PM,13.449,,,,
4375,05/23/16 07:30:00 PM,13.353,,,,
4376,05/23/16 07:45:00 PM,13.353,,,,
4377,05/23/16 08:00:00 PM,13.305,,,,
4378,05/23/16 08:15:00 PM,13.305,,,,
4379,05/23/16 08:30:00 PM,13.233,,,,
4380,05/23/16 08:45:00 PM,13.233,,,,
4381,05/23/16 09:00:00 PM,13.209,,,,
4382,05/23/16 09:15:00 PM,13.209,,,,
4383,05/23/16 09:30:00 PM,13.209,,,,
4384,05/23/16 09:45:00 PM,13.233,,,,
4385,05/23/16 10:00:00 PM,13.233,,,,
4386,05/23/16 10:15:00 PM,13.209,,,,
4387,05/23/16 10:30:00 PM,13.185,,,,
4388,05/23/16 10:45:00 PM,13.161,,,,
4389,05/23/16 11:00:00 PM,13.137,,,,
4390,05/23/16 11:15:00 PM,13.137,,,,
4391,05/23/16 11:30:00 PM,13.137,,,,
4392,05/23/16 11:45:00 PM,13.112,,,,
4393,05/24/16 12:00:00 AM,13.088,,,,
4394,05/24/16 12:15:00 AM,13.064,,,,
4395,05/24/16 12:30:00 AM,13.064,,,,
4396,05/24/16 12:45:00 AM,13.040,,,,
4397,05/24/16 01:00:00 AM,13.040,,,,
4398,05/24/16 01:15:00 AM,13.040,,,,
4399,05/24/16 01:30:00 AM,13.040,,,,
4400,05/24/16 01:45:00 AM,13.040,,,,
4401,05/24/16 02:00:00 AM,13.016,,,,
4402,05/24/16 02:15:00 AM,13.016,,,,
4403,05/24/16 02:30:00 AM,13.016,,,,
4404,05/24/16 02:45:00 AM,12.992,,,,
4405,05/24/16 03:00:00 AM,12.992,,,,
4406,05/24/16 03:15:00 AM,12.968,,,,
4407,05/24/16 03:30:00 AM,12.968,,,,
4408,05/24/16 03:45:00 AM,12.920,,,,
4409,05/24/16 04:00:00 AM,12.896,,,,
4410,05/24/16 04:15:00 AM,12.896,,,,
4411,05/24/16 04:30:00 AM,12.823,,,,
4412,05/24/16 04:45:00 AM,12.799,,,,
4413,05/24/16 05:00:00 AM,12.727,,,,
4414,05/24/16 05:15:00 AM,12.727,,,,
4415,05/24/16 05:30:00 AM,12.606,,,,
4416,05/24/16 05:45:00 AM,12.558,,,,
4417,05/24/16 06:00:00 AM,12.582,,,,
4418,05/24/16 06:15:00 AM,12.461,,,,
4419,05/24/16 06:30:00 AM,12.098,,,,
4420,05/24/16 06:45:00 AM,11.929,,,,
4421,05/24/16 07:00:00 AM,12.751,,,,
4422,05/24/16 07:15:00 AM,13.714,,,,
4423,05/24/16 07:30:00 AM,14.122,,,,
4424,05/24/16 07:45:00 AM,14.888,,,,
4425,05/24/16 08:00:00 AM,16.034,,,,
4426,05/24/16 08:15:00 AM,16.773,,,,
4427,05/24/16 08:30:00 AM,18.652,,,,
4428,05/24/16 08:45:00 AM,19.627,,,,
4429,05/24/16 09:00:00 AM,20.531,,,,
4430,05/24/16 09:15:00 AM,20.770,,,,
4431,05/24/16 09:30:00 AM,18.866,,,,
4432,05/24/16 09:45:00 AM,17.748,,,,
4433,05/24/16 10:00:00 AM,17.249,,,,
4434,05/24/16 10:15:00 AM,17.582,,,,
4435,05/24/16 10:30:00 AM,15.724,,,,
4436,05/24/16 10:45:00 AM,16.249,,,,
4437,05/24/16 11:00:00 AM,16.534,,,,
4438,05/24/16 11:15:00 AM,14.337,,,,
4439,05/24/16 11:30:00 AM,14.218,,,,
4440,05/24/16 11:45:00 AM,14.266,,,,
4441,05/24/16 12:00:00 PM,13.954,,,,
4442,05/24/16 12:15:00 PM,14.218,,,,
4443,05/24/16 12:30:00 PM,14.218,,,,
4444,05/24/16 12:45:00 PM,14.385,,,,
4445,05/24/16 01:00:00 PM,14.314,,,,
4446,05/24/16 01:15:00 PM,14.361,,,,
4447,05/24/16 01:30:00 PM,14.242,,,,
4448,05/24/16 01:45:00 PM,14.242,,,,
4449,05/24/16 02:00:00 PM,14.361,,,,
4450,05/24/16 02:15:00 PM,14.337,,,,
4451,05/24/16 02:30:00 PM,14.361,,,,
4452,05/24/16 02:45:00 PM,14.433,,,,
4453,05/24/16 03:00:00 PM,14.433,,,,
4454,05/24/16 03:15:00 PM,14.505,,,,
4455,05/24/16 03:30:00 PM,14.553,,,,
4456,05/24/16 03:45:00 PM,14.553,,,,
4457,05/24/16 04:00:00 PM,14.601,,,,
4458,05/24/16 04:15:00 PM,14.673,,,,
4459,05/24/16 04:30:00 PM,14.673,,,,
4460,05/24/16 04:45:00 PM,14.697,,,,
4461,05/24/16 05:00:00 PM,14.984,,,,
4462,05/24/16 05:15:00 PM,14.745,,,,
4463,05/24/16 05:30:00 PM,14.840,,,,
4464,05/24/16 05:45:00 PM,14.673,,,,
4465,05/24/16 06:00:00 PM,14.792,,,,
4466,05/24/16 06:15:00 PM,14.577,,,,
4467,05/24/16 06:30:00 PM,14.864,,,,
4468,05/24/16 06:45:00 PM,14.649,,,,
4469,05/24/16 07:00:00 PM,14.409,,,,
4470,05/24/16 07:15:00 PM,14.242,,,,
4471,05/24/16 07:30:00 PM,14.194,,,,
4472,05/24/16 07:45:00 PM,14.122,,,,
4473,05/24/16 08:00:00 PM,13.954,,,,
4474,05/24/16 08:15:00 PM,13.882,,,,
4475,05/24/16 08:30:00 PM,13.810,,,,
4476,05/24/16 08:45:00 PM,13.810,,,,
4477,05/24/16 09:00:00 PM,13.690,,,,
4478,05/24/16 09:15:00 PM,13.738,,,,
4479,05/24/16 09:30:00 PM,13.690,,,,
4480,05/24/16 09:45:00 PM,13.666,,,,
4481,05/24/16 10:00:00 PM,13.666,,,,
4482,05/24/16 10:15:00 PM,13.642,,,,
4483,05/24/16 10:30:00 PM,13.642,,,,
4484,05/24/16 10:45:00 PM,13.642,,,,
4485,05/24/16 11:00:00 PM,13.642,,,,
4486,05/24/16 11:15:00 PM,13.642,,,,
4487,05/24/16 11:30:00 PM,13.642,,,,
4488,05/24/16 11:45:00 PM,13.642,,,,
4489,05/25/16 12:00:00 AM,13.642,,,,
4490,05/25/16 12:15:00 AM,13.642,,,,
4491,05/25/16 12:30:00 AM,13.642,,,,
4492,05/25/16 12:45:00 AM,13.642,,,,
4493,05/25/16 01:00:00 AM,13.642,,,,
4494,05/25/16 01:15:00 AM,13.666,,,,
4495,05/25/16 01:30:00 AM,13.666,,,,
4496,05/25/16 01:45:00 AM,13.666,,,,
4497,05/25/16 02:00:00 AM,13.666,,,,
4498,05/25/16 02:15:00 AM,13.666,,,,
4499,05/25/16 02:30:00 AM,13.666,,,,
4500,05/25/16 02:45:00 AM,13.666,,,,
4501,05/25/16 03:00:00 AM,13.690,,,,
4502,05/25/16 03:15:00 AM,13.666,,,,
4503,05/25/16 03:30:00 AM,13.666,,,,
4504,05/25/16 03:45:00 AM,13.690,,,,
4505,05/25/16 04:00:00 AM,13.690,,,,
4506,05/25/16 04:15:00 AM,13.666,,,,
4507,05/25/16 04:30:00 AM,13.642,,,,
4508,05/25/16 04:45:00 AM,13.594,,,,
4509,05/25/16 05:00:00 AM,13.570,,,,
4510,05/25/16 05:15:00 AM,13.522,,,,
4511,05/25/16 05:30:00 AM,13.497,,,,
4512,05/25/16 05:45:00 AM,13.377,,,,
4513,05/25/16 06:00:00 AM,13.401,,,,
4514,05/25/16 06:15:00 AM,13.353,,,,
4515,05/25/16 06:30:00 AM,13.209,,,,
4516,05/25/16 06:45:00 AM,13.209,,,,
4517,05/25/16 07:00:00 AM,13.209,,,,
4518,05/25/16 07:15:00 AM,13.473,,,,
4519,05/25/16 07:30:00 AM,13.546,,,,
4520,05/25/16 07:45:00 AM,13.666,,,,
4521,05/25/16 08:00:00 AM,14.721,,,,
4522,05/25/16 08:15:00 AM,15.533,,,,
4523,05/25/16 08:30:00 AM,15.986,,,,
4524,05/25/16 08:45:00 AM,17.106,,,,
4525,05/25/16 09:00:00 AM,17.296,,,,
4526,05/25/16 09:15:00 AM,19.936,,,,
4527,05/25/16 09:30:00 AM,17.701,,,,
4528,05/25/16 09:45:00 AM,16.034,,,,
4529,05/25/16 10:00:00 AM,16.439,,,,
4530,05/25/16 10:15:00 AM,18.057,,,,
4531,05/25/16 10:30:00 AM,20.317,,,,
4532,05/25/16 10:45:00 AM,22.321,,,,
4533,05/25/16 11:00:00 AM,23.184,,,,
4534,05/25/16 11:15:00 AM,20.007,,,,
4535,05/25/16 11:30:00 AM,19.793,,,,
4536,05/25/16 11:45:00 AM,17.558,,,,
4537,05/25/16 12:00:00 PM,16.177,,,,
4538,05/25/16 12:15:00 PM,16.677,,,,
4539,05/25/16 12:30:00 PM,14.912,,,,
4540,05/25/16 12:45:00 PM,15.175,,,,
4541,05/25/16 01:00:00 PM,15.342,,,,
4542,05/25/16 01:15:00 PM,14.912,,,,
4543,05/25/16 01:30:00 PM,14.864,,,,
4544,05/25/16 01:45:00 PM,14.888,,,,
4545,05/25/16 02:00:00 PM,15.055,,,,
4546,05/25/16 02:15:00 PM,14.936,,,,
4547,05/25/16 02:30:00 PM,14.960,,,,
4548,05/25/16 02:45:00 PM,14.888,,,,
4549,05/25/16 03:00:00 PM,14.888,,,,
4550,05/25/16 03:15:00 PM,14.888,,,,
4551,05/25/16 03:30:00 PM,14.840,,,,
4552,05/25/16 03:45:00 PM,14.936,,,,
4553,05/25/16 04:00:00 PM,14.888,,,,
4554,05/25/16 04:15:00 PM,14.936,,,,
4555,05/25/16 04:30:00 PM,14.960,,,,
4556,05/25/16 04:45:00 PM,14.912,,,,
4557,05/25/16 05:00:00 PM,14.960,,,,
4558,05/25/16 05:15:00 PM,14.984,,,,
4559,05/25/16 05:30:00 PM,14.984,,,,
4560,05/25/16 05:45:00 PM,14.960,,,,
4561,05/25/16 06:00:00 PM,14.864,,,,
4562,05/25/16 06:15:00 PM,14.840,,,,
4563,05/25/16 06:30:00 PM,14.673,,,,
4564,05/25/16 06:45:00 PM,14.481,,,,
4565,05/25/16 07:00:00 PM,14.505,,,,
4566,05/25/16 07:15:00 PM,14.385,,,,
4567,05/25/16 07:30:00 PM,14.266,,,,
4568,05/25/16 07:45:00 PM,14.218,,,,
4569,05/25/16 08:00:00 PM,13.738,,,,
4570,05/25/16 08:15:00 PM,13.930,,,,
4571,05/25/16 08:30:00 PM,13.858,,,,
4572,05/25/16 08:45:00 PM,13.786,,,,
4573,05/25/16 09:00:00 PM,13.618,,,,
4574,05/25/16 09:15:00 PM,12.944,,,,
4575,05/25/16 09:30:00 PM,13.594,,,,
4576,05/25/16 09:45:00 PM,13.594,,,,
4577,05/25/16 10:00:00 PM,13.329,,,,
4578,05/25/16 10:15:00 PM,13.618,,,,
4579,05/25/16 10:30:00 PM,13.497,,,,
4580,05/25/16 10:45:00 PM,13.040,,,,
4581,05/25/16 11:00:00 PM,13.425,,,,
4582,05/25/16 11:15:00 PM,13.522,,,,
4583,05/25/16 11:30:00 PM,13.570,,,,
4584,05/25/16 11:45:00 PM,13.305,,,,
4585,05/26/16 12:00:00 AM,13.425,,,,
4586,05/26/16 12:15:00 AM,13.546,,,,
4587,05/26/16 12:30:00 AM,13.522,,,,
4588,05/26/16 12:45:00 AM,13.522,,,,
4589,05/26/16 01:00:00 AM,13.522,,,,
4590,05/26/16 01:15:00 AM,13.522,,,,
4591,05/26/16 01:30:00 AM,13.497,,,,
4592,05/26/16 01:45:00 AM,13.497,,,,
4593,05/26/16 02:00:00 AM,13.497,,,,
4594,05/26/16 02:15:00 AM,13.497,,,,
4595,05/26/16 02:30:00 AM,13.522,,,,
4596,05/26/16 02:45:00 AM,13.522,,,,
4597,05/26/16 03:00:00 AM,13.522,,,,
4598,05/26/16 03:15:00 AM,13.522,,,,
4599,05/26/16 03:30:00 AM,13.546,,,,
4600,05/26/16 03:45:00 AM,13.522,,,,
4601,05/26/16 04:00:00 AM,13.497,,,,
4602,05/26/16 04:15:00 AM,13.497,,,,
4603,05/26/16 04:30:00 AM,13.449,,,,
4604,05/26/16 04:45:00 AM,13.401,,,,
4605,05/26/16 05:00:00 AM,13.257,,,,
4606,05/26/16 05:15:00 AM,13.112,,,,
4607,05/26/16 05:30:00 AM,13.112,,,,
4608,05/26/16 05:45:00 AM,12.944,,,,
4609,05/26/16 06:00:00 AM,12.871,,,,
4610,05/26/16 06:15:00 AM,12.727,,,,
4611,05/26/16 06:30:00 AM,12.727,,,,
4612,05/26/16 06:45:00 AM,12.654,,,,
4613,05/26/16 07:00:00 AM,12.534,,,,
4614,05/26/16 07:15:00 AM,12.389,,,,
4615,05/26/16 07:30:00 AM,12.171,,,,
4616,05/26/16 07:45:00 AM,12.074,,,,
4617,05/26/16 08:00:00 AM,11.783,,,,
4618,05/26/16 08:15:00 AM,12.074,,,,
4619,05/26/16 08:30:00 AM,12.558,,,,
4620,05/26/16 08:45:00 AM,13.209,,,,
4621,05/26/16 09:00:00 AM,13.882,,,,
4622,05/26/16 09:15:00 AM,14.218,,,,
4623,05/26/16 09:30:00 AM,15.414,,,,
4624,05/26/16 09:45:00 AM,15.175,,,,
4625,05/26/16 10:00:00 AM,14.936,,,,
4626,05/26/16 10:15:00 AM,15.318,,,,
4627,05/26/16 10:30:00 AM,15.223,,,,
4628,05/26/16 10:45:00 AM,17.629,,,,
4629,05/26/16 11:00:00 AM,17.938,,,,
4630,05/26/16 11:15:00 AM,17.011,,,,
4631,05/26/16 11:30:00 AM,15.986,,,,
4632,05/26/16 11:45:00 AM,15.724,,,,
4633,05/26/16 12:00:00 PM,15.199,,,,
4634,05/26/16 12:15:00 PM,14.266,,,,
4635,05/26/16 12:30:00 PM,14.984,,,,
4636,05/26/16 12:45:00 PM,14.792,,,,
4637,05/26/16 01:00:00 PM,14.529,,,,
4638,05/26/16 01:15:00 PM,14.026,,,,
4639,05/26/16 01:30:00 PM,13.882,,,,
4640,05/26/16 01:45:00 PM,14.697,,,,
4641,05/26/16 02:00:00 PM,14.625,,,,
4642,05/26/16 02:15:00 PM,13.618,,,,
4643,05/26/16 02:30:00 PM,14.074,,,,
4644,05/26/16 02:45:00 PM,13.570,,,,
4645,05/26/16 03:00:00 PM,13.497,,,,
4646,05/26/16 03:15:00 PM,13.425,,,,
4647,05/26/16 03:30:00 PM,13.666,,,,
4648,05/26/16 03:45:00 PM,13.497,,,,
4649,05/26/16 04:00:00 PM,13.546,,,,
4650,05/26/16 04:15:00 PM,13.618,,,,
4651,05/26/16 04:30:00 PM,13.714,,,,
4652,05/26/16 04:45:00 PM,13.714,,,,
4653,05/26/16 05:00:00 PM,13.738,,,,
4654,05/26/16 05:15:00 PM,13.858,,,,
4655,05/26/16 05:30:00 PM,13.786,,,,
4656,05/26/16 05:45:00 PM,13.834,,,,
4657,05/26/16 06:00:00 PM,13.882,,,,
4658,05/26/16 06:15:00 PM,14.002,,,,
4659,05/26/16 06:30:00 PM,14.026,,,,
4660,05/26/16 06:45:00 PM,14.074,,,,
4661,05/26/16 07:00:00 PM,14.002,,,,
4662,05/26/16 07:15:00 PM,13.834,,,,
4663,05/26/16 07:30:00 PM,13.570,,,,
4664,05/26/16 07:45:00 PM,13.642,,,,
4665,05/26/16 08:00:00 PM,13.425,,,,
4666,05/26/16 08:15:00 PM,13.305,,,,
4667,05/26/16 08:30:00 PM,13.064,,,,
4668,05/26/16 08:45:00 PM,13.064,,,,
4669,05/26/16 09:00:00 PM,12.678,,,,
4670,05/26/16 09:15:00 PM,13.064,,,,
4671,05/26/16 09:30:00 PM,12.944,,,,
4672,05/26/16 09:45:00 PM,12.920,,,,
4673,05/26/16 10:00:00 PM,12.703,,,,
4674,05/26/16 10:15:00 PM,12.558,,,,
4675,05/26/16 10:30:00 PM,12.823,,,,
4676,05/26/16 10:45:00 PM,12.534,,,,
4677,05/26/16 11:00:00 PM,12.799,,,,
4678,05/26/16 11:15:00 PM,12.606,,,,
4679,05/26/16 11:30:00 PM,12.509,,,,
4680,05/26/16 11:45:00 PM,12.654,,,,
4681,05/27/16 12:00:00 AM,12.219,,,,
4682,05/27/16 12:15:00 AM,12.534,,,,
4683,05/27/16 12:30:00 AM,12.582,,,,
4684,05/27/16 12:45:00 AM,12.582,,,,
4685,05/27/16 01:00:00 AM,12.582,,,,
4686,05/27/16 01:15:00 AM,12.558,,,,
4687,05/27/16 01:30:00 AM,12.558,,,,
4688,05/27/16 01:45:00 AM,12.558,,,,
4689,05/27/16 02:00:00 AM,12.558,,,,
4690,05/27/16 02:15:00 AM,12.558,,,,
4691,05/27/16 02:30:00 AM,12.558,,,,
4692,05/27/16 02:45:00 AM,12.558,,,,
4693,05/27/16 03:00:00 AM,12.558,,,,
4694,05/27/16 03:15:00 AM,12.534,,,,
4695,05/27/16 03:30:00 AM,12.534,,,,
4696,05/27/16 03:45:00 AM,12.509,,,,
4697,05/27/16 04:00:00 AM,12.509,,,,
4698,05/27/16 04:15:00 AM,12.509,,,,
4699,05/27/16 04:30:00 AM,12.485,,,,
4700,05/27/16 04:45:00 AM,12.485,,,,
4701,05/27/16 05:00:00 AM,12.485,,,,
4702,05/27/16 05:15:00 AM,12.437,,,,
4703,05/27/16 05:30:00 AM,12.437,,,,
4704,05/27/16 05:45:00 AM,12.389,,,,
4705,05/27/16 06:00:00 AM,12.316,,,,
4706,05/27/16 06:15:00 AM,12.243,,,,
4707,05/27/16 06:30:00 AM,12.171,,,,
4708,05/27/16 06:45:00 AM,12.243,,,,
4709,05/27/16 07:00:00 AM,11.953,,,,
4710,05/27/16 07:15:00 AM,12.219,,,,
4711,05/27/16 07:30:00 AM,12.485,,,,
4712,05/27/16 07:45:00 AM,12.654,,,,
4713,05/27/16 08:00:00 AM,13.233,,,,
4714,05/27/16 08:15:00 AM,13.930,,,,
4715,05/27/16 08:30:00 AM,14.290,,,,
4716,05/27/16 08:45:00 AM,14.122,,,,
4717,05/27/16 09:00:00 AM,14.553,,,,
4718,05/27/16 09:15:00 AM,14.457,,,,
4719,05/27/16 09:30:00 AM,16.320,,,,
4720,05/27/16 09:45:00 AM,16.249,,,,
4721,05/27/16 10:00:00 AM,18.652,,,,
4722,05/27/16 10:15:00 AM,18.343,,,,
4723,05/27/16 10:30:00 AM,18.652,,,,
4724,05/27/16 10:45:00 AM,20.055,,,,
4725,05/27/16 11:00:00 AM,21.294,,,,
4726,05/27/16 11:15:00 AM,22.489,,,,
4727,05/27/16 11:30:00 AM,24.339,,,,
4728,05/27/16 11:45:00 AM,25.720,,,,
4729,05/27/16 12:00:00 PM,27.308,,,,
4730,05/27/16 12:15:00 PM,27.014,,,,
4731,05/27/16 12:30:00 PM,26.867,,,,
4732,05/27/16 12:45:00 PM,24.847,,,,
4733,05/27/16 01:00:00 PM,20.007,,,,
4734,05/27/16 01:15:00 PM,17.225,,,,
4735,05/27/16 01:30:00 PM,14.984,,,,
4736,05/27/16 01:45:00 PM,15.342,,,,
4737,05/27/16 02:00:00 PM,16.320,,,,
4738,05/27/16 02:15:00 PM,15.127,,,,
4739,05/27/16 02:30:00 PM,15.438,,,,
4740,05/27/16 02:45:00 PM,14.314,,,,
4741,05/27/16 03:00:00 PM,14.194,,,,
4742,05/27/16 03:15:00 PM,14.601,,,,
4743,05/27/16 03:30:00 PM,14.266,,,,
4744,05/27/16 03:45:00 PM,13.906,,,,
4745,05/27/16 04:00:00 PM,13.786,,,,
4746,05/27/16 04:15:00 PM,13.786,,,,
4747,05/27/16 04:30:00 PM,13.786,,,,
4748,05/27/16 04:45:00 PM,13.786,,,,
4749,05/27/16 05:00:00 PM,13.738,,,,
4750,05/27/16 05:15:00 PM,13.786,,,,
4751,05/27/16 05:30:00 PM,13.954,,,,
4752,05/27/16 05:45:00 PM,14.026,,,,
4753,05/27/16 06:00:00 PM,13.930,,,,
4754,05/27/16 06:15:00 PM,13.978,,,,
4755,05/27/16 06:30:00 PM,13.978,,,,
4756,05/27/16 06:45:00 PM,14.050,,,,
4757,05/27/16 07:00:00 PM,13.978,,,,
4758,05/27/16 07:15:00 PM,13.978,,,,
4759,05/27/16 07:30:00 PM,13.810,,,,
4760,05/27/16 07:45:00 PM,13.834,,,,
4761,05/27/16 08:00:00 PM,13.401,,,,
4762,05/27/16 08:15:00 PM,13.425,,,,
4763,05/27/16 08:30:00 PM,12.751,,,,
4764,05/27/16 08:45:00 PM,13.449,,,,
4765,05/27/16 09:00:00 PM,13.305,,,,
4766,05/27/16 09:15:00 PM,12.582,,,,
4767,05/27/16 09:30:00 PM,12.847,,,,
4768,05/27/16 09:45:00 PM,11.807,,,,
4769,05/27/16 10:00:00 PM,12.823,,,,
4770,05/27/16 10:15:00 PM,12.364,,,,
4771,05/27/16 10:30:00 PM,11.662,,,,
4772,05/27/16 10:45:00 PM,11.370,,,,
4773,05/27/16 11:00:00 PM,11.783,,,,
4774,05/27/16 11:15:00 PM,11.273,,,,
4775,05/27/16 11:30:00 PM,11.321,,,,
4776,05/27/16 11:45:00 PM,10.980,,,,
4777,05/28/16 12:00:00 AM,11.467,,,,
4778,05/28/16 12:15:00 AM,10.712,,,,
4779,05/28/16 12:30:00 AM,11.516,,,,
4780,05/28/16 12:45:00 AM,11.029,,,,
4781,05/28/16 01:00:00 AM,11.029,,,,
4782,05/28/16 01:15:00 AM,11.734,,,,
4783,05/28/16 01:30:00 AM,10.810,,,,
4784,05/28/16 01:45:00 AM,9.583,,,,
4785,05/28/16 02:00:00 AM,11.467,,,,
4786,05/28/16 02:15:00 AM,11.953,,,,
4787,05/28/16 02:30:00 AM,12.292,,,,
4788,05/28/16 02:45:00 AM,11.734,,,,
4789,05/28/16 03:00:00 AM,12.195,,,,
4790,05/28/16 03:15:00 AM,12.147,,,,
4791,05/28/16 03:30:00 AM,12.122,,,,
4792,05/28/16 03:45:00 AM,12.050,,,,
4793,05/28/16 04:00:00 AM,11.807,,,,
4794,05/28/16 04:15:00 AM,11.759,,,,
4795,05/28/16 04:30:00 AM,11.662,,,,
4796,05/28/16 04:45:00 AM,11.662,,,,
4797,05/28/16 05:00:00 AM,11.662,,,,
4798,05/28/16 05:15:00 AM,11.613,,,,
4799,05/28/16 05:30:00 AM,11.589,,,,
4800,05/28/16 05:45:00 AM,11.589,,,,
4801,05/28/16 06:00:00 AM,11.273,,,,
4802,05/28/16 06:15:00 AM,11.297,,,,
4803,05/28/16 06:30:00 AM,11.151,,,,
4804,05/28/16 06:45:00 AM,11.200,,,,
4805,05/28/16 07:00:00 AM,10.418,,,,
4806,05/28/16 07:15:00 AM,10.418,,,,
4807,05/28/16 07:30:00 AM,10.394,,,,
4808,05/28/16 07:45:00 AM,10.810,,,,
4809,05/28/16 08:00:00 AM,11.686,,,,
4810,05/28/16 08:15:00 AM,11.953,,,,
4811,05/28/16 08:30:00 AM,13.016,,,,
4812,05/28/16 08:45:00 AM,16.558,,,,
4813,05/28/16 09:00:00 AM,18.533,,,,
4814,05/28/16 09:15:00 AM,19.508,,,,
4815,05/28/16 09:30:00 AM,19.270,,,,
4816,05/28/16 09:45:00 AM,20.388,,,,
4817,05/28/16 10:00:00 AM,22.848,,,,
4818,05/28/16 10:15:00 AM,24.388,,,,
4819,05/28/16 10:30:00 AM,25.817,,,,
4820,05/28/16 10:45:00 AM,27.308,,,,
4821,05/28/16 11:00:00 AM,28.493,,,,
4822,05/28/16 11:15:00 AM,29.640,,,,
4823,05/28/16 11:30:00 AM,30.722,,,,
4824,05/28/16 11:45:00 AM,29.890,,,,
4825,05/28/16 12:00:00 PM,28.419,,,,
4826,05/28/16 12:15:00 PM,27.554,,,,
4827,05/28/16 12:30:00 PM,27.776,,,,
4828,05/28/16 12:45:00 PM,26.842,,,,
4829,05/28/16 01:00:00 PM,27.308,,,,
4830,05/28/16 01:15:00 PM,26.280,,,,
4831,05/28/16 01:30:00 PM,24.653,,,,
4832,05/28/16 01:45:00 PM,24.629,,,,
4833,05/28/16 02:00:00 PM,25.963,,,,
4834,05/28/16 02:15:00 PM,24.823,,,,
4835,05/28/16 02:30:00 PM,24.823,,,,
4836,05/28/16 02:45:00 PM,24.944,,,,
4837,05/28/16 03:00:00 PM,25.162,,,,
4838,05/28/16 03:15:00 PM,20.865,,,,
4839,05/28/16 03:30:00 PM,21.581,,,,
4840,05/28/16 03:45:00 PM,20.126,,,,
4841,05/28/16 04:00:00 PM,19.365,,,,
4842,05/28/16 04:15:00 PM,18.414,,,,
4843,05/28/16 04:30:00 PM,16.915,,,,
4844,05/28/16 04:45:00 PM,16.153,,,,
4845,05/28/16 05:00:00 PM,15.915,,,,
4846,05/28/16 05:15:00 PM,14.457,,,,
4847,05/28/16 05:30:00 PM,14.266,,,,
4848,05/28/16 05:45:00 PM,14.026,,,,
4849,05/28/16 06:00:00 PM,13.978,,,,
4850,05/28/16 06:15:00 PM,14.697,,,,
4851,05/28/16 06:30:00 PM,14.098,,,,
4852,05/28/16 06:45:00 PM,14.098,,,,
4853,05/28/16 07:00:00 PM,14.026,,,,
4854,05/28/16 07:15:00 PM,13.954,,,,
4855,05/28/16 07:30:00 PM,13.858,,,,
4856,05/28/16 07:45:00 PM,13.762,,,,
4857,05/28/16 08:00:00 PM,13.618,,,,
4858,05/28/16 08:15:00 PM,13.594,,,,
4859,05/28/16 08:30:00 PM,13.161,,,,
4860,05/28/16 08:45:00 PM,13.064,,,,
4861,05/28/16 09:00:00 PM,12.558,,,,
4862,05/28/16 09:15:00 PM,12.534,,,,
4863,05/28/16 09:30:00 PM,12.630,,,,
4864,05/28/16 09:45:00 PM,12.703,,,,
4865,05/28/16 10:00:00 PM,12.654,,,,
4866,05/28/16 10:15:00 PM,12.944,,,,
4867,05/28/16 10:30:00 PM,12.847,,,,
4868,05/28/16 10:45:00 PM,12.944,,,,
4869,05/28/16 11:00:00 PM,12.485,,,,
4870,05/28/16 11:15:00 PM,12.461,,,,
4871,05/28/16 11:30:00 PM,12.558,,,,
4872,05/28/16 11:45:00 PM,12.678,,,,
4873,05/29/16 12:00:00 AM,12.001,,,,
4874,05/29/16 12:15:00 AM,12.364,,,,
4875,05/29/16 12:30:00 AM,12.340,,,,
4876,05/29/16 12:45:00 AM,12.582,,,,
4877,05/29/16 01:00:00 AM,12.340,,,,
4878,05/29/16 01:15:00 AM,12.509,,,,
4879,05/29/16 01:30:00 AM,12.437,,,,
4880,05/29/16 01:45:00 AM,12.509,,,,
4881,05/29/16 02:00:00 AM,12.509,,,,
4882,05/29/16 02:15:00 AM,12.461,,,,
4883,05/29/16 02:30:00 AM,12.461,,,,
4884,05/29/16 02:45:00 AM,12.389,,,,
4885,05/29/16 03:00:00 AM,12.509,,,,
4886,05/29/16 03:15:00 AM,12.437,,,,
4887,05/29/16 03:30:00 AM,12.437,,,,
4888,05/29/16 03:45:00 AM,12.413,,,,
4889,05/29/16 04:00:00 AM,12.389,,,,
4890,05/29/16 04:15:00 AM,12.461,,,,
4891,05/29/16 04:30:00 AM,12.485,,,,
4892,05/29/16 04:45:00 AM,12.485,,,,
4893,05/29/16 05:00:00 AM,12.485,,,,
4894,05/29/16 05:15:00 AM,12.485,,,,
4895,05/29/16 05:30:00 AM,12.413,,,,
4896,05/29/16 05:45:00 AM,12.316,,,,
4897,05/29/16 06:00:00 AM,12.268,,,,
4898,05/29/16 06:15:00 AM,12.292,,,,
4899,05/29/16 06:30:00 AM,12.243,,,,
4900,05/29/16 06:45:00 AM,12.243,,,,
4901,05/29/16 07:00:00 AM,12.292,,,,
4902,05/29/16 07:15:00 AM,12.509,,,,
4903,05/29/16 07:30:00 AM,12.654,,,,
4904,05/29/16 07:45:00 AM,13.064,,,,
4905,05/29/16 08:00:00 AM,13.522,,,,
4906,05/29/16 08:15:00 AM,13.618,,,,
4907,05/29/16 08:30:00 AM,14.194,,,,
4908,05/29/16 08:45:00 AM,14.840,,,,
4909,05/29/16 09:00:00 AM,14.625,,,,
4910,05/29/16 09:15:00 AM,14.242,,,,
4911,05/29/16 09:30:00 AM,14.481,,,,
4912,05/29/16 09:45:00 AM,14.984,,,,
4913,05/29/16 10:00:00 AM,15.127,,,,
4914,05/29/16 10:15:00 AM,15.533,,,,
4915,05/29/16 10:30:00 AM,16.415,,,,
4916,05/29/16 10:45:00 AM,17.153,,,,
4917,05/29/16 11:00:00 AM,19.008,,,,
4918,05/29/16 11:15:00 AM,18.533,,,,
4919,05/29/16 11:30:00 AM,19.365,,,,
4920,05/29/16 11:45:00 AM,19.508,,,,
4921,05/29/16 12:00:00 PM,22.178,,,,
4922,05/29/16 12:15:00 PM,23.136,,,,
4923,05/29/16 12:30:00 PM,23.881,,,,
4924,05/29/16 12:45:00 PM,23.737,,,,
4925,05/29/16 01:00:00 PM,24.315,,,,
4926,05/29/16 01:15:00 PM,23.448,,,,
4927,05/29/16 01:30:00 PM,23.665,,,,
4928,05/29/16 01:45:00 PM,24.050,,,,
4929,05/29/16 02:00:00 PM,24.171,,,,
4930,05/29/16 02:15:00 PM,22.800,,,,
4931,05/29/16 02:30:00 PM,20.484,,,,
4932,05/29/16 02:45:00 PM,19.984,,,,
4933,05/29/16 03:00:00 PM,20.293,,,,
4934,05/29/16 03:15:00 PM,18.319,,,,
4935,05/29/16 03:30:00 PM,18.533,,,,
4936,05/29/16 03:45:00 PM,17.843,,,,
4937,05/29/16 04:00:00 PM,16.439,,,,
4938,05/29/16 04:15:00 PM,17.011,,,,
4939,05/29/16 04:30:00 PM,16.296,,,,
4940,05/29/16 04:45:00 PM,14.242,,,,
4941,05/29/16 05:00:00 PM,15.199,,,,
4942,05/29/16 05:15:00 PM,14.098,,,,
4943,05/29/16 05:30:00 PM,14.098,,,,
4944,05/29/16 05:45:00 PM,13.858,,,,
4945,05/29/16 06:00:00 PM,13.714,,,,
4946,05/29/16 06:15:00 PM,13.690,,,,
4947,05/29/16 06:30:00 PM,13.594,,,,
4948,05/29/16 06:45:00 PM,13.570,,,,
4949,05/29/16 07:00:00 PM,13.570,,,,
4950,05/29/16 07:15:00 PM,13.522,,,,
4951,05/29/16 07:30:00 PM,13.522,,,,
4952,05/29/16 07:45:00 PM,13.497,,,,
4953,05/29/16 08:00:00 PM,13.497,,,,
4954,05/29/16 08:15:00 PM,13.401,,,,
4955,05/29/16 08:30:00 PM,13.281,,,,
4956,05/29/16 08:45:00 PM,12.847,,,,
4957,05/29/16 09:00:00 PM,12.823,,,,
4958,05/29/16 09:15:00 PM,12.823,,,,
4959,05/29/16 09:30:00 PM,13.040,,,,
4960,05/29/16 09:45:00 PM,12.654,,,,
4961,05/29/16 10:00:00 PM,12.413,,,,
4962,05/29/16 10:15:00 PM,12.534,,,,
4963,05/29/16 10:30:00 PM,12.727,,,,
4964,05/29/16 10:45:00 PM,12.678,,,,
4965,05/29/16 11:00:00 PM,12.413,,,,
4966,05/29/16 11:15:00 PM,11.540,,,,
4967,05/29/16 11:30:00 PM,12.074,,,,
4968,05/29/16 11:45:00 PM,10.712,,,,
4969,05/30/16 12:00:00 AM,10.026,,,,
4970,05/30/16 12:15:00 AM,10.198,,,,
4971,05/30/16 12:30:00 AM,10.541,,,,
4972,05/30/16 12:45:00 AM,10.590,,,,
4973,05/30/16 01:00:00 AM,10.075,,,,
4974,05/30/16 01:15:00 AM,9.952,,,,
4975,05/30/16 01:30:00 AM,10.026,,,,
4976,05/30/16 01:45:00 AM,9.706,,,,
4977,05/30/16 02:00:00 AM,10.271,,,,
4978,05/30/16 02:15:00 AM,9.805,,,,
4979,05/30/16 02:30:00 AM,9.903,,,,
4980,05/30/16 02:45:00 AM,10.418,,,,
4981,05/30/16 03:00:00 AM,10.443,,,,
4982,05/30/16 03:15:00 AM,10.761,,,,
4983,05/30/16 03:30:00 AM,10.492,,,,
4984,05/30/16 03:45:00 AM,10.785,,,,
4985,05/30/16 04:00:00 AM,10.001,,,,
4986,05/30/16 04:15:00 AM,11.273,,,,
4987,05/30/16 04:30:00 AM,11.200,,,,
4988,05/30/16 04:45:00 AM,11.297,,,,
4989,05/30/16 05:00:00 AM,11.078,,,,
4990,05/30/16 05:15:00 AM,11.078,,,,
4991,05/30/16 05:30:00 AM,11.224,,,,
4992,05/30/16 05:45:00 AM,11.273,,,,
4993,05/30/16 06:00:00 AM,11.346,,,,
4994,05/30/16 06:15:00 AM,11.297,,,,
4995,05/30/16 06:30:00 AM,11.321,,,,
4996,05/30/16 06:45:00 AM,11.370,,,,
4997,05/30/16 07:00:00 AM,11.394,,,,
4998,05/30/16 07:15:00 AM,11.394,,,,
4999,05/30/16 07:30:00 AM,11.662,,,,
5000,05/30/16 07:45:00 AM,11.467,,,,
5001,05/30/16 08:00:00 AM,11.467,,,,
5002,05/30/16 08:15:00 AM,11.710,,,,
5003,05/30/16 08:30:00 AM,11.807,,,,
5004,05/30/16 08:45:00 AM,11.710,,,,
5005,05/30/16 09:00:00 AM,12.147,,,,
5006,05/30/16 09:15:00 AM,14.002,,,,
5007,05/30/16 09:30:00 AM,12.968,,,,
5008,05/30/16 09:45:00 AM,15.748,,,,
5009,05/30/16 10:00:00 AM,13.353,,,,
5010,05/30/16 10:15:00 AM,14.529,,,,
5011,05/30/16 10:30:00 AM,14.601,,,,
5012,05/30/16 10:45:00 AM,15.581,,,,
5013,05/30/16 11:00:00 AM,15.676,,,,
5014,05/30/16 11:15:00 AM,16.296,,,,
5015,05/30/16 11:30:00 AM,16.844,,,,
5016,05/30/16 11:45:00 AM,17.819,,,,
5017,05/30/16 12:00:00 PM,16.915,,,,
5018,05/30/16 12:15:00 PM,17.130,,,,
5019,05/30/16 12:30:00 PM,17.605,,,,
5020,05/30/16 12:45:00 PM,17.272,,,,
5021,05/30/16 01:00:00 PM,18.485,,,,
5022,05/30/16 01:15:00 PM,17.558,,,,
5023,05/30/16 01:30:00 PM,18.105,,,,
5024,05/30/16 01:45:00 PM,17.891,,,,
5025,05/30/16 02:00:00 PM,18.129,,,,
5026,05/30/16 02:15:00 PM,18.723,,,,
5027,05/30/16 02:30:00 PM,18.081,,,,
5028,05/30/16 02:45:00 PM,17.272,,,,
5029,05/30/16 03:00:00 PM,17.320,,,,
5030,05/30/16 03:15:00 PM,17.272,,,,
5031,05/30/16 03:30:00 PM,16.511,,,,
5032,05/30/16 03:45:00 PM,16.654,,,,
5033,05/30/16 04:00:00 PM,16.820,,,,
5034,05/30/16 04:15:00 PM,15.366,,,,
5035,05/30/16 04:30:00 PM,14.816,,,,
5036,05/30/16 04:45:00 PM,14.194,,,,
5037,05/30/16 05:00:00 PM,14.697,,,,
5038,05/30/16 05:15:00 PM,14.505,,,,
5039,05/30/16 05:30:00 PM,14.745,,,,
5040,05/30/16 05:45:00 PM,13.834,,,,
5041,05/30/16 06:00:00 PM,13.642,,,,
5042,05/30/16 06:15:00 PM,13.666,,,,
5043,05/30/16 06:30:00 PM,13.473,,,,
5044,05/30/16 06:45:00 PM,13.401,,,,
5045,05/30/16 07:00:00 PM,13.233,,,,
5046,05/30/16 07:15:00 PM,13.040,,,,
5047,05/30/16 07:30:00 PM,12.896,,,,
5048,05/30/16 07:45:00 PM,12.703,,,,
5049,05/30/16 08:00:00 PM,12.727,,,,
5050,05/30/16 08:15:00 PM,12.630,,,,
5051,05/30/16 08:30:00 PM,12.630,,,,
5052,05/30/16 08:45:00 PM,12.534,,,,
5053,05/30/16 09:00:00 PM,12.582,,,,
5054,05/30/16 09:15:00 PM,12.630,,,,
5055,05/30/16 09:30:00 PM,12.630,,,,
5056,05/30/16 09:45:00 PM,12.630,,,,
5057,05/30/16 10:00:00 PM,12.606,,,,
5058,05/30/16 10:15:00 PM,12.413,,,,
5059,05/30/16 10:30:00 PM,12.509,,,,
5060,05/30/16 10:45:00 PM,12.437,,,,
5061,05/30/16 11:00:00 PM,12.364,,,,
5062,05/30/16 11:15:00 PM,12.147,,,,
5063,05/30/16 11:30:00 PM,11.929,,,,
5064,05/30/16 11:45:00 PM,11.807,,,,
5065,05/31/16 12:00:00 AM,11.589,,,,
5066,05/31/16 12:15:00 AM,11.540,,,,
5067,05/31/16 12:30:00 AM,11.200,,,,
5068,05/31/16 12:45:00 AM,11.078,,,,
5069,05/31/16 01:00:00 AM,10.712,,,,
5070,05/31/16 01:15:00 AM,10.418,,,,
5071,05/31/16 01:30:00 AM,10.467,,,,
5072,05/31/16 01:45:00 AM,10.198,,,,
5073,05/31/16 02:00:00 AM,10.124,,,,
5074,05/31/16 02:15:00 AM,9.756,,,,
5075,05/31/16 02:30:00 AM,9.977,,,,
5076,05/31/16 02:45:00 AM,9.706,,,,
5077,05/31/16 03:00:00 AM,9.435,,,,
5078,05/31/16 03:15:00 AM,9.509,,,,
5079,05/31/16 03:30:00 AM,9.312,,,,
5080,05/31/16 03:45:00 AM,9.386,,,,
5081,05/31/16 04:00:00 AM,9.460,,,,
5082,05/31/16 04:15:00 AM,10.001,,,,
5083,05/31/16 04:30:00 AM,10.051,,,,
5084,05/31/16 04:45:00 AM,9.460,,,,
5085,05/31/16 05:00:00 AM,9.435,,,,
5086,05/31/16 05:15:00 AM,9.879,,,,
5087,05/31/16 05:30:00 AM,9.336,,,,
5088,05/31/16 05:45:00 AM,9.854,,,,
5089,05/31/16 06:00:00 AM,9.854,,,,
5090,05/31/16 06:15:00 AM,10.124,,,,
5091,05/31/16 06:30:00 AM,10.075,,,,
5092,05/31/16 06:45:00 AM,10.320,,,,
5093,05/31/16 07:00:00 AM,10.541,,,,
5094,05/31/16 07:15:00 AM,10.467,,,,
5095,05/31/16 07:30:00 AM,10.638,,,,
5096,05/31/16 07:45:00 AM,10.565,,,,
5097,05/31/16 08:00:00 AM,10.394,,,,
5098,05/31/16 08:15:00 AM,10.614,,,,
5099,05/31/16 08:30:00 AM,10.663,,,,
5100,05/31/16 08:45:00 AM,10.907,,,,
5101,05/31/16 09:00:00 AM,10.492,,,,
5102,05/31/16 09:15:00 AM,11.759,,,,
5103,05/31/16 09:30:00 AM,11.053,,,,
5104,05/31/16 09:45:00 AM,11.273,,,,
5105,05/31/16 10:00:00 AM,11.637,,,,
5106,05/31/16 10:15:00 AM,14.026,,,,
5107,05/31/16 10:30:00 AM,12.582,,,,
5108,05/31/16 10:45:00 AM,12.147,,,,
5109,05/31/16 11:00:00 AM,12.534,,,,
5110,05/31/16 11:15:00 AM,15.700,,,,
5111,05/31/16 11:30:00 AM,14.888,,,,
5112,05/31/16 11:45:00 AM,18.319,,,,
5113,05/31/16 12:00:00 PM,17.677,,,,
5114,05/31/16 12:15:00 PM,17.701,,,,
5115,05/31/16 12:30:00 PM,18.818,,,,
5116,05/31/16 12:45:00 PM,19.508,,,,
5117,05/31/16 01:00:00 PM,20.103,,,,
5118,05/31/16 01:15:00 PM,19.222,,,,
5119,05/31/16 01:30:00 PM,19.912,,,,
5120,05/31/16 01:45:00 PM,20.746,,,,
5121,05/31/16 02:00:00 PM,22.106,,,,
5122,05/31/16 02:15:00 PM,21.652,,,,
5123,05/31/16 02:30:00 PM,21.891,,,,
5124,05/31/16 02:45:00 PM,20.698,,,,
5125,05/31/16 03:00:00 PM,20.388,,,,
5126,05/31/16 03:15:00 PM,18.271,,,,
5127,05/31/16 03:30:00 PM,17.891,,,,
5128,05/31/16 03:45:00 PM,19.008,,,,
5129,05/31/16 04:00:00 PM,18.723,,,,
5130,05/31/16 04:15:00 PM,18.390,,,,
5131,05/31/16 04:30:00 PM,18.509,,,,
5132,05/31/16 04:45:00 PM,17.153,,,,
5133,05/31/16 05:00:00 PM,16.701,,,,
5134,05/31/16 05:15:00 PM,16.534,,,,
5135,05/31/16 05:30:00 PM,15.318,,,,
5136,05/31/16 05:45:00 PM,13.882,,,,
5137,05/31/16 06:00:00 PM,13.209,,,,
5138,05/31/16 06:15:00 PM,12.944,,,,
5139,05/31/16 06:30:00 PM,12.823,,,,
5140,05/31/16 06:45:00 PM,11.856,,,,
5141,05/31/16 07:00:00 PM,11.953,,,,
5142,05/31/16 07:15:00 PM,11.516,,,,
5143,05/31/16 07:30:00 PM,11.443,,,,
5144,05/31/16 07:45:00 PM,11.175,,,,
5145,05/31/16 08:00:00 PM,10.687,,,,
5146,05/31/16 08:15:00 PM,10.565,,,,
5147,05/31/16 08:30:00 PM,10.443,,,,
5148,05/31/16 08:45:00 PM,10.345,,,,
5149,05/31/16 09:00:00 PM,10.149,,,,
5150,05/31/16 09:15:00 PM,10.001,,,,
5151,05/31/16 09:30:00 PM,9.879,,,,
5152,05/31/16 09:45:00 PM,9.829,,,,
5153,05/31/16 10:00:00 PM,9.829,,,,
5154,05/31/16 10:15:00 PM,9.780,,,,
5155,05/31/16 10:30:00 PM,9.805,,,,
5156,05/31/16 10:45:00 PM,9.854,,,,
5157,05/31/16 11:00:00 PM,9.903,,,,
5158,05/31/16 11:15:00 PM,9.952,,,,
5159,05/31/16 11:30:00 PM,10.001,,,,
5160,05/31/16 11:45:00 PM,10.051,,,,
5161,06/01/16 12:00:00 AM,10.124,,,,
5162,06/01/16 12:15:00 AM,10.638,,,,
5163,06/01/16 12:30:00 AM,10.394,,,,
5164,06/01/16 12:45:00 AM,10.687,,,,
5165,06/01/16 01:00:00 AM,10.467,,,,
5166,06/01/16 01:15:00 AM,10.541,,,,
5167,06/01/16 01:30:00 AM,10.663,,,,
5168,06/01/16 01:45:00 AM,10.932,,,,
5169,06/01/16 02:00:00 AM,11.078,,,,
5170,06/01/16 02:15:00 AM,10.980,,,,
5171,06/01/16 02:30:00 AM,11.151,,,,
5172,06/01/16 02:45:00 AM,11.297,,,,
5173,06/01/16 03:00:00 AM,11.297,,,,
5174,06/01/16 03:15:00 AM,11.419,,,,
5175,06/01/16 03:30:00 AM,11.467,,,,
5176,06/01/16 03:45:00 AM,11.467,,,,
5177,06/01/16 04:00:00 AM,11.102,,,,
5178,06/01/16 04:15:00 AM,10.590,,,,
5179,06/01/16 04:30:00 AM,10.345,,,,
5180,06/01/16 04:45:00 AM,10.100,,,,
5181,06/01/16 05:00:00 AM,10.198,,,,
5182,06/01/16 05:15:00 AM,10.198,,,,
5183,06/01/16 05:30:00 AM,9.928,,,,
5184,06/01/16 05:45:00 AM,9.756,,,,
5185,06/01/16 06:00:00 AM,9.558,,,,
5186,06/01/16 06:15:00 AM,9.558,,,,
5187,06/01/16 06:30:00 AM,9.608,,,,
5188,06/01/16 06:45:00 AM,10.026,,,,
5189,06/01/16 07:00:00 AM,10.467,,,,
5190,06/01/16 07:15:00 AM,10.761,,,,
5191,06/01/16 07:30:00 AM,11.832,,,,
5192,06/01/16 07:45:00 AM,10.834,,,,
5193,06/01/16 08:00:00 AM,10.026,,,,
5194,06/01/16 08:15:00 AM,10.173,,,,
5195,06/01/16 08:30:00 AM,10.271,,,,
5196,06/01/16 08:45:00 AM,10.467,,,,
5197,06/01/16 09:00:00 AM,10.100,,,,
5198,06/01/16 09:15:00 AM,10.345,,,,
5199,06/01/16 09:30:00 AM,10.247,,,,
5200,06/01/16 09:45:00 AM,10.565,,,,
5201,06/01/16 10:00:00 AM,10.394,,,,
5202,06/01/16 10:15:00 AM,10.492,,,,
5203,06/01/16 10:30:00 AM,10.467,,,,
5204,06/01/16 10:45:00 AM,10.492,,,,
5205,06/01/16 11:00:00 AM,10.883,,,,
5206,06/01/16 11:15:00 AM,10.980,,,,
5207,06/01/16 11:30:00 AM,12.799,,,,
5208,06/01/16 11:45:00 AM,12.316,,,,
5209,06/01/16 12:00:00 PM,12.678,,,,
5210,06/01/16 12:15:00 PM,12.727,,,,
5211,06/01/16 12:30:00 PM,13.064,,,,
5212,06/01/16 12:45:00 PM,15.270,,,,
5213,06/01/16 01:00:00 PM,17.463,,,,
5214,06/01/16 01:15:00 PM,16.701,,,,
5215,06/01/16 01:30:00 PM,17.368,,,,
5216,06/01/16 01:45:00 PM,17.011,,,,
5217,06/01/16 02:00:00 PM,17.368,,,,
5218,06/01/16 02:15:00 PM,17.296,,,,
5219,06/01/16 02:30:00 PM,17.677,,,,
5220,06/01/16 02:45:00 PM,17.819,,,,
5221,06/01/16 03:00:00 PM,17.486,,,,
5222,06/01/16 03:15:00 PM,17.486,,,,
5223,06/01/16 03:30:00 PM,18.271,,,,
5224,06/01/16 03:45:00 PM,18.224,,,,
5225,06/01/16 04:00:00 PM,16.820,,,,
5226,06/01/16 04:15:00 PM,17.439,,,,
5227,06/01/16 04:30:00 PM,15.939,,,,
5228,06/01/16 04:45:00 PM,15.342,,,,
5229,06/01/16 05:00:00 PM,15.175,,,,
5230,06/01/16 05:15:00 PM,13.882,,,,
5231,06/01/16 05:30:00 PM,13.016,,,,
5232,06/01/16 05:45:00 PM,14.601,,,,
5233,06/01/16 06:00:00 PM,12.775,,,,
5234,06/01/16 06:15:00 PM,12.582,,,,
5235,06/01/16 06:30:00 PM,12.025,,,,
5236,06/01/16 06:45:00 PM,11.492,,,,
5237,06/01/16 07:00:00 PM,11.467,,,,
5238,06/01/16 07:15:00 PM,11.127,,,,
5239,06/01/16 07:30:00 PM,11.053,,,,
5240,06/01/16 07:45:00 PM,10.883,,,,
5241,06/01/16 08:00:00 PM,10.687,,,,
5242,06/01/16 08:15:00 PM,10.614,,,,
5243,06/01/16 08:30:00 PM,10.443,,,,
5244,06/01/16 08:45:00 PM,10.394,,,,
5245,06/01/16 09:00:00 PM,10.369,,,,
5246,06/01/16 09:15:00 PM,10.369,,,,
5247,06/01/16 09:30:00 PM,10.345,,,,
5248,06/01/16 09:45:00 PM,10.320,,,,
5249,06/01/16 10:00:00 PM,10.369,,,,
5250,06/01/16 10:15:00 PM,10.418,,,,
5251,06/01/16 10:30:00 PM,10.443,,,,
5252,06/01/16 10:45:00 PM,10.614,,,,
5253,06/01/16 11:00:00 PM,10.761,,,,
5254,06/01/16 11:15:00 PM,10.785,,,,
5255,06/01/16 11:30:00 PM,10.785,,,,
5256,06/01/16 11:45:00 PM,10.785,,,,
5257,06/02/16 12:00:00 AM,10.810,,,,
5258,06/02/16 12:15:00 AM,10.834,,,,
5259,06/02/16 12:30:00 AM,10.980,,,,
5260,06/02/16 12:45:00 AM,10.980,,,,
5261,06/02/16 01:00:00 AM,11.053,,,,
5262,06/02/16 01:15:00 AM,11.029,,,,
5263,06/02/16 01:30:00 AM,11.224,,,,
5264,06/02/16 01:45:00 AM,11.540,,,,
5265,06/02/16 02:00:00 AM,11.977,,,,
5266,06/02/16 02:15:00 AM,11.953,,,,
5267,06/02/16 02:30:00 AM,12.025,,,,
5268,06/02/16 02:45:00 AM,11.856,,,,
5269,06/02/16 03:00:00 AM,11.783,,,,
5270,06/02/16 03:15:00 AM,11.929,,,,
5271,06/02/16 03:30:00 AM,12.001,,,,
5272,06/02/16 03:45:00 AM,12.025,,,,
5273,06/02/16 04:00:00 AM,12.098,,,,
5274,06/02/16 04:15:00 AM,12.122,,,,
5275,06/02/16 04:30:00 AM,12.074,,,,
5276,06/02/16 04:45:00 AM,12.098,,,,
5277,06/02/16 05:00:00 AM,12.098,,,,
5278,06/02/16 05:15:00 AM,12.001,,,,
5279,06/02/16 05:30:00 AM,12.147,,,,
5280,06/02/16 05:45:00 AM,12.122,,,,
5281,06/02/16 06:00:00 AM,12.122,,,,
5282,06/02/16 06:15:00 AM,12.243,,,,
5283,06/02/16 06:30:00 AM,12.340,,,,
5284,06/02/16 06:45:00 AM,12.437,,,,
5285,06/02/16 07:00:00 AM,12.678,,,,
5286,06/02/16 07:15:00 AM,12.509,,,,
5287,06/02/16 07:30:00 AM,11.175,,,,
5288,06/02/16 07:45:00 AM,11.953,,,,
5289,06/02/16 08:00:00 AM,11.565,,,,
5290,06/02/16 08:15:00 AM,11.273,,,,
5291,06/02/16 08:30:00 AM,11.005,,,,
5292,06/02/16 08:45:00 AM,10.980,,,,
5293,06/02/16 09:00:00 AM,11.127,,,,
5294,06/02/16 09:15:00 AM,11.394,,,,
5295,06/02/16 09:30:00 AM,11.224,,,,
5296,06/02/16 09:45:00 AM,11.297,,,,
5297,06/02/16 10:00:00 AM,11.467,,,,
5298,06/02/16 10:15:00 AM,11.565,,,,
5299,06/02/16 10:30:00 AM,11.662,,,,
5300,06/02/16 10:45:00 AM,11.832,,,,
5301,06/02/16 11:00:00 AM,11.856,,,,
5302,06/02/16 11:15:00 AM,11.977,,,,
5303,06/02/16 11:30:00 AM,12.147,,,,
5304,06/02/16 11:45:00 AM,12.389,,,,
5305,06/02/16 12:00:00 PM,12.703,,,,
5306,06/02/16 12:15:00 PM,13.522,,,,
5307,06/02/16 12:30:00 PM,13.016,,,,
5308,06/02/16 12:45:00 PM,13.714,,,,
5309,06/02/16 01:00:00 PM,13.786,,,,
5310,06/02/16 01:15:00 PM,14.266,,,,
5311,06/02/16 01:30:00 PM,14.337,,,,
5312,06/02/16 01:45:00 PM,14.337,,,,
5313,06/02/16 02:00:00 PM,13.786,,,,
5314,06/02/16 02:15:00 PM,13.906,,,,
5315,06/02/16 02:30:00 PM,13.930,,,,
5316,06/02/16 02:45:00 PM,15.270,,,,
5317,06/02/16 03:00:00 PM,18.794,,,,
5318,06/02/16 03:15:00 PM,20.031,,,,
5319,06/02/16 03:30:00 PM,19.888,,,,
5320,06/02/16 03:45:00 PM,21.843,,,,
5321,06/02/16 04:00:00 PM,22.489,,,,
5322,06/02/16 04:15:00 PM,23.064,,,,
5323,06/02/16 04:30:00 PM,23.905,,,,
5324,06/02/16 04:45:00 PM,21.795,,,,
5325,06/02/16 05:00:00 PM,23.184,,,,
5326,06/02/16 05:15:00 PM,22.489,,,,
5327,06/02/16 05:30:00 PM,17.463,,,,
5328,06/02/16 05:45:00 PM,15.986,,,,
5329,06/02/16 06:00:00 PM,14.673,,,,
5330,06/02/16 06:15:00 PM,14.888,,,,
5331,06/02/16 06:30:00 PM,14.481,,,,
5332,06/02/16 06:45:00 PM,13.425,,,,
5333,06/02/16 07:00:00 PM,13.954,,,,
5334,06/02/16 07:15:00 PM,13.401,,,,
5335,06/02/16 07:30:00 PM,13.305,,,,
5336,06/02/16 07:45:00 PM,13.209,,,,
5337,06/02/16 08:00:00 PM,13.185,,,,
5338,06/02/16 08:15:00 PM,13.209,,,,
5339,06/02/16 08:30:00 PM,13.233,,,,
5340,06/02/16 08:45:00 PM,13.257,,,,
5341,06/02/16 09:00:00 PM,13.329,,,,
5342,06/02/16 09:15:00 PM,13.353,,,,
5343,06/02/16 09:30:00 PM,13.329,,,,
5344,06/02/16 09:45:00 PM,13.305,,,,
5345,06/02/16 10:00:00 PM,13.305,,,,
5346,06/02/16 10:15:00 PM,13.329,,,,
5347,06/02/16 10:30:00 PM,13.329,,,,
5348,06/02/16 10:45:00 PM,13.353,,,,
5349,06/02/16 11:00:00 PM,13.353,,,,
5350,06/02/16 11:15:00 PM,13.353,,,,
5351,06/02/16 11:30:00 PM,13.353,,,,
5352,06/02/16 11:45:00 PM,13.305,,,,
5353,06/03/16 12:00:00 AM,13.281,,,,
5354,06/03/16 12:15:00 AM,13.185,,,,
5355,06/03/16 12:30:00 AM,13.112,,,,
5356,06/03/16 12:45:00 AM,13.040,,,,
5357,06/03/16 01:00:00 AM,12.968,,,,
5358,06/03/16 01:15:00 AM,12.920,,,,
5359,06/03/16 01:30:00 AM,12.847,,,,
5360,06/03/16 01:45:00 AM,12.703,,,,
5361,06/03/16 02:00:00 AM,12.775,,,,
5362,06/03/16 02:15:00 AM,12.727,,,,
5363,06/03/16 02:30:00 AM,12.582,,,,
5364,06/03/16 02:45:00 AM,12.098,,,,
5365,06/03/16 03:00:00 AM,12.195,,,,
5366,06/03/16 03:15:00 AM,11.832,,,,
5367,06/03/16 03:30:00 AM,11.686,,,,
5368,06/03/16 03:45:00 AM,11.686,,,,
5369,06/03/16 04:00:00 AM,11.540,,,,
5370,06/03/16 04:15:00 AM,11.540,,,,
5371,06/03/16 04:30:00 AM,11.540,,,,
5372,06/03/16 04:45:00 AM,11.346,,,,
5373,06/03/16 05:00:00 AM,11.200,,,,
5374,06/03/16 05:15:00 AM,11.321,,,,
5375,06/03/16 05:30:00 AM,11.151,,,,
5376,06/03/16 05:45:00 AM,10.834,,,,
5377,06/03/16 06:00:00 AM,11.102,,,,
5378,06/03/16 06:15:00 AM,11.151,,,,
5379,06/03/16 06:30:00 AM,11.346,,,,
5380,06/03/16 06:45:00 AM,12.050,,,,
5381,06/03/16 07:00:00 AM,14.170,,,,
5382,06/03/16 07:15:00 AM,14.529,,,,
5383,06/03/16 07:30:00 AM,15.175,,,,
5384,06/03/16 07:45:00 AM,16.820,,,,
5385,06/03/16 08:00:00 AM,13.401,,,,
5386,06/03/16 08:15:00 AM,12.147,,,,
5387,06/03/16 08:30:00 AM,12.847,,,,
5388,06/03/16 08:45:00 AM,11.953,,,,
5389,06/03/16 09:00:00 AM,11.929,,,,
5390,06/03/16 09:15:00 AM,12.147,,,,
5391,06/03/16 09:30:00 AM,12.219,,,,
5392,06/03/16 09:45:00 AM,11.953,,,,
5393,06/03/16 10:00:00 AM,12.340,,,,
5394,06/03/16 10:15:00 AM,12.364,,,,
5395,06/03/16 10:30:00 AM,12.582,,,,
5396,06/03/16 10:45:00 AM,12.727,,,,
5397,06/03/16 11:00:00 AM,12.751,,,,
5398,06/03/16 11:15:00 AM,12.920,,,,
5399,06/03/16 11:30:00 AM,12.944,,,,
5400,06/03/16 11:45:00 AM,13.016,,,,
5401,06/03/16 12:00:00 PM,13.161,,,,
5402,06/03/16 12:15:00 PM,13.305,,,,
5403,06/03/16 12:30:00 PM,13.305,,,,
5404,06/03/16 12:45:00 PM,13.425,,,,
5405,06/03/16 01:00:00 PM,13.522,,,,
5406,06/03/16 01:15:00 PM,13.497,,,,
5407,06/03/16 01:30:00 PM,13.449,,,,
5408,06/03/16 01:45:00 PM,13.714,,,,
5409,06/03/16 02:00:00 PM,13.329,,,,
5410,06/03/16 02:15:00 PM,13.281,,,,
5411,06/03/16 02:30:00 PM,13.353,,,,
5412,06/03/16 02:45:00 PM,14.074,,,,
5413,06/03/16 03:00:00 PM,13.281,,,,
5414,06/03/16 03:15:00 PM,14.026,,,,
5415,06/03/16 03:30:00 PM,13.040,,,,
5416,06/03/16 03:45:00 PM,13.064,,,,
5417,06/03/16 04:00:00 PM,14.218,,,,
5418,06/03/16 04:15:00 PM,13.233,,,,
5419,06/03/16 04:30:00 PM,13.882,,,,
5420,06/03/16 04:45:00 PM,13.882,,,,
5421,06/03/16 05:00:00 PM,14.218,,,,
5422,06/03/16 05:15:00 PM,13.858,,,,
5423,06/03/16 05:30:00 PM,13.906,,,,
5424,06/03/16 05:45:00 PM,14.170,,,,
5425,06/03/16 06:00:00 PM,14.122,,,,
5426,06/03/16 06:15:00 PM,13.546,,,,
5427,06/03/16 06:30:00 PM,12.968,,,,
5428,06/03/16 06:45:00 PM,12.437,,,,
5429,06/03/16 07:00:00 PM,12.292,,,,
5430,06/03/16 07:15:00 PM,12.195,,,,
5431,06/03/16 07:30:00 PM,12.292,,,,
5432,06/03/16 07:45:00 PM,12.122,,,,
5433,06/03/16 08:00:00 PM,11.953,,,,
5434,06/03/16 08:15:00 PM,11.759,,,,
5435,06/03/16 08:30:00 PM,11.662,,,,
5436,06/03/16 08:45:00 PM,11.637,,,,
5437,06/03/16 09:00:00 PM,11.565,,,,
5438,06/03/16 09:15:00 PM,11.394,,,,
5439,06/03/16 09:30:00 PM,11.273,,,,
5440,06/03/16 09:45:00 PM,11.151,,,,
5441,06/03/16 10:00:00 PM,10.956,,,,
5442,06/03/16 10:15:00 PM,10.883,,,,
5443,06/03/16 10:30:00 PM,10.761,,,,
5444,06/03/16 10:45:00 PM,10.736,,,,
5445,06/03/16 11:00:00 PM,10.736,,,,
5446,06/03/16 11:15:00 PM,10.785,,,,
5447,06/03/16 11:30:00 PM,10.810,,,,
5448,06/03/16 11:45:00 PM,10.858,,,,
5449,06/04/16 12:00:00 AM,10.932,,,,
5450,06/04/16 12:15:00 AM,10.980,,,,
5451,06/04/16 12:30:00 AM,11.005,,,,
5452,06/04/16 12:45:00 AM,11.029,,,,
5453,06/04/16 01:00:00 AM,11.078,,,,
5454,06/04/16 01:15:00 AM,11.102,,,,
5455,06/04/16 01:30:00 AM,11.078,,,,
5456,06/04/16 01:45:00 AM,11.127,,,,
5457,06/04/16 02:00:00 AM,11.078,,,,
5458,06/04/16 02:15:00 AM,11.078,,,,
5459,06/04/16 02:30:00 AM,11.078,,,,
5460,06/04/16 02:45:00 AM,11.078,,,,
5461,06/04/16 03:00:00 AM,10.980,,,,
5462,06/04/16 03:15:00 AM,10.907,,,,
5463,06/04/16 03:30:00 AM,10.883,,,,
5464,06/04/16 03:45:00 AM,10.761,,,,
5465,06/04/16 04:00:00 AM,10.614,,,,
5466,06/04/16 04:15:00 AM,10.565,,,,
5467,06/04/16 04:30:00 AM,10.394,,,,
5468,06/04/16 04:45:00 AM,10.418,,,,
5469,06/04/16 05:00:00 AM,10.247,,,,
5470,06/04/16 05:15:00 AM,10.075,,,,
5471,06/04/16 05:30:00 AM,9.879,,,,
5472,06/04/16 05:45:00 AM,10.001,,,,
5473,06/04/16 06:00:00 AM,10.075,,,,
5474,06/04/16 06:15:00 AM,10.271,,,,
5475,06/04/16 06:30:00 AM,10.614,,,,
5476,06/04/16 06:45:00 AM,11.053,,,,
5477,06/04/16 07:00:00 AM,12.074,,,,
5478,06/04/16 07:15:00 AM,12.968,,,,
5479,06/04/16 07:30:00 AM,13.449,,,,
5480,06/04/16 07:45:00 AM,15.103,,,,
5481,06/04/16 08:00:00 AM,16.868,,,,
5482,06/04/16 08:15:00 AM,15.724,,,,
5483,06/04/16 08:30:00 AM,16.558,,,,
5484,06/04/16 08:45:00 AM,15.485,,,,
5485,06/04/16 09:00:00 AM,11.248,,,,
5486,06/04/16 09:15:00 AM,10.761,,,,
5487,06/04/16 09:30:00 AM,10.418,,,,
5488,06/04/16 09:45:00 AM,10.369,,,,
5489,06/04/16 10:00:00 AM,10.296,,,,
5490,06/04/16 10:15:00 AM,10.320,,,,
5491,06/04/16 10:30:00 AM,10.320,,,,
5492,06/04/16 10:45:00 AM,10.320,,,,
5493,06/04/16 11:00:00 AM,10.369,,,,
5494,06/04/16 11:15:00 AM,10.320,,,,
5495,06/04/16 11:30:00 AM,10.443,,,,
5496,06/04/16 11:45:00 AM,10.516,,,,
5497,06/04/16 12:00:00 PM,10.663,,,,
5498,06/04/16 12:15:00 PM,10.736,,,,
5499,06/04/16 12:30:00 PM,10.980,,,,
5500,06/04/16 12:45:00 PM,10.956,,,,
5501,06/04/16 01:00:00 PM,11.029,,,,
5502,06/04/16 01:15:00 PM,11.175,,,,
5503,06/04/16 01:30:00 PM,11.273,,,,
5504,06/04/16 01:45:00 PM,11.443,,,,
5505,06/04/16 02:00:00 PM,11.613,,,,
5506,06/04/16 02:15:00 PM,11.662,,,,
5507,06/04/16 02:30:00 PM,11.637,,,,
5508,06/04/16 02:45:00 PM,11.783,,,,
5509,06/04/16 03:00:00 PM,11.880,,,,
5510,06/04/16 03:15:00 PM,12.050,,,,
5511,06/04/16 03:30:00 PM,11.953,,,,
5512,06/04/16 03:45:00 PM,11.880,,,,
5513,06/04/16 04:00:00 PM,12.147,,,,
5514,06/04/16 04:15:00 PM,12.098,,,,
5515,06/04/16 04:30:00 PM,12.195,,,,
5516,06/04/16 04:45:00 PM,12.243,,,,
5517,06/04/16 05:00:00 PM,12.437,,,,
5518,06/04/16 05:15:00 PM,11.929,,,,
5519,06/04/16 05:30:00 PM,12.195,,,,
5520,06/04/16 05:45:00 PM,12.871,,,,
5521,06/04/16 06:00:00 PM,11.929,,,,
5522,06/04/16 06:15:00 PM,11.977,,,,
5523,06/04/16 06:30:00 PM,12.001,,,,
5524,06/04/16 06:45:00 PM,11.078,,,,
5525,06/04/16 07:00:00 PM,10.907,,,,
5526,06/04/16 07:15:00 PM,11.102,,,,
5527,06/04/16 07:30:00 PM,10.932,,,,
5528,06/04/16 07:45:00 PM,10.956,,,,
5529,06/04/16 08:00:00 PM,10.883,,,,
5530,06/04/16 08:15:00 PM,10.614,,,,
5531,06/04/16 08:30:00 PM,10.541,,,,
5532,06/04/16 08:45:00 PM,10.467,,,,
5533,06/04/16 09:00:00 PM,10.296,,,,
5534,06/04/16 09:15:00 PM,10.320,,,,
5535,06/04/16 09:30:00 PM,10.345,,,,
5536,06/04/16 09:45:00 PM,10.320,,,,
5537,06/04/16 10:00:00 PM,10.222,,,,
5538,06/04/16 10:15:00 PM,10.173,,,,
5539,06/04/16 10:30:00 PM,10.198,,,,
5540,06/04/16 10:45:00 PM,10.173,,,,
5541,06/04/16 11:00:00 PM,10.124,,,,
5542,06/04/16 11:15:00 PM,10.198,,,,
5543,06/04/16 11:30:00 PM,10.198,,,,
5544,06/04/16 11:45:00 PM,10.149,,,,
5545,06/05/16 12:00:00 AM,10.149,,,,
5546,06/05/16 12:15:00 AM,10.198,,,,
5547,06/05/16 12:30:00 AM,10.198,,,,
5548,06/05/16 12:45:00 AM,10.320,,,,
5549,06/05/16 01:00:00 AM,10.296,,,,
5550,06/05/16 01:15:00 AM,10.369,,,,
5551,06/05/16 01:30:00 AM,10.369,,,,
5552,06/05/16 01:45:00 AM,10.369,,,,
5553,06/05/16 02:00:00 AM,10.394,,,,
5554,06/05/16 02:15:00 AM,10.467,,,,
5555,06/05/16 02:30:00 AM,10.492,,,,
5556,06/05/16 02:45:00 AM,10.492,,,,
5557,06/05/16 03:00:00 AM,10.492,,,,
5558,06/05/16 03:15:00 AM,10.467,,,,
5559,06/05/16 03:30:00 AM,10.663,,,,
5560,06/05/16 03:45:00 AM,10.516,,,,
5561,06/05/16 04:00:00 AM,10.541,,,,
5562,06/05/16 04:15:00 AM,10.467,,,,
5563,06/05/16 04:30:00 AM,10.663,,,,
5564,06/05/16 04:45:00 AM,10.687,,,,
5565,06/05/16 05:00:00 AM,10.736,,,,
5566,06/05/16 05:15:00 AM,10.638,,,,
5567,06/05/16 05:30:00 AM,10.883,,,,
5568,06/05/16 05:45:00 AM,11.078,,,,
5569,06/05/16 06:00:00 AM,11.346,,,,
5570,06/05/16 06:15:00 AM,11.734,,,,
5571,06/05/16 06:30:00 AM,12.122,,,,
5572,06/05/16 06:45:00 AM,12.243,,,,
5573,06/05/16 07:00:00 AM,12.678,,,,
5574,06/05/16 07:15:00 AM,12.751,,,,
5575,06/05/16 07:30:00 AM,13.305,,,,
5576,06/05/16 07:45:00 AM,13.209,,,,
5577,06/05/16 08:00:00 AM,13.353,,,,
5578,06/05/16 08:15:00 AM,13.810,,,,
5579,06/05/16 08:30:00 AM,14.194,,,,
5580,06/05/16 08:45:00 AM,14.840,,,,
5581,06/05/16 09:00:00 AM,15.223,,,,
5582,06/05/16 09:15:00 AM,15.509,,,,
5583,06/05/16 09:30:00 AM,15.843,,,,
5584,06/05/16 09:45:00 AM,16.249,,,,
5585,06/05/16 10:00:00 AM,12.703,,,,
5586,06/05/16 10:15:00 AM,11.783,,,,
5587,06/05/16 10:30:00 AM,11.977,,,,
5588,06/05/16 10:45:00 AM,12.122,,,,
5589,06/05/16 11:00:00 AM,11.953,,,,
5590,06/05/16 11:15:00 AM,12.171,,,,
5591,06/05/16 11:30:00 AM,12.268,,,,
5592,06/05/16 11:45:00 AM,12.195,,,,
5593,06/05/16 12:00:00 PM,12.098,,,,
5594,06/05/16 12:15:00 PM,12.098,,,,
5595,06/05/16 12:30:00 PM,12.098,,,,
5596,06/05/16 12:45:00 PM,12.025,,,,
5597,06/05/16 01:00:00 PM,12.050,,,,
5598,06/05/16 01:15:00 PM,12.098,,,,
5599,06/05/16 01:30:00 PM,12.171,,,,
5600,06/05/16 01:45:00 PM,12.243,,,,
5601,06/05/16 02:00:00 PM,12.364,,,,
5602,06/05/16 02:15:00 PM,12.437,,,,
5603,06/05/16 02:30:00 PM,12.630,,,,
5604,06/05/16 02:45:00 PM,12.799,,,,
5605,06/05/16 03:00:00 PM,12.920,,,,
5606,06/05/16 03:15:00 PM,13.016,,,,
5607,06/05/16 03:30:00 PM,13.064,,,,
5608,06/05/16 03:45:00 PM,13.137,,,,
5609,06/05/16 04:00:00 PM,13.112,,,,
5610,06/05/16 04:15:00 PM,13.161,,,,
5611,06/05/16 04:30:00 PM,13.257,,,,
5612,06/05/16 04:45:00 PM,13.064,,,,
5613,06/05/16 05:00:00 PM,12.896,,,,
5614,06/05/16 05:15:00 PM,12.871,,,,
5615,06/05/16 05:30:00 PM,12.799,,,,
5616,06/05/16 05:45:00 PM,12.896,,,,
5617,06/05/16 06:00:00 PM,12.799,,,,
5618,06/05/16 06:15:00 PM,12.944,,,,
5619,06/05/16 06:30:00 PM,13.088,,,,
5620,06/05/16 06:45:00 PM,12.630,,,,
5621,06/05/16 07:00:00 PM,12.389,,,,
5622,06/05/16 07:15:00 PM,12.389,,,,
5623,06/05/16 07:30:00 PM,12.654,,,,
5624,06/05/16 07:45:00 PM,12.413,,,,
5625,06/05/16 08:00:00 PM,12.074,,,,
5626,06/05/16 08:15:00 PM,12.001,,,,
5627,06/05/16 08:30:00 PM,11.613,,,,
5628,06/05/16 08:45:00 PM,11.540,,,,
5629,06/05/16 09:00:00 PM,11.565,,,,
5630,06/05/16 09:15:00 PM,11.394,,,,
5631,06/05/16 09:30:00 PM,11.394,,,,
5632,06/05/16 09:45:00 PM,11.370,,,,
5633,06/05/16 10:00:00 PM,11.346,,,,
5634,06/05/16 10:15:00 PM,11.370,,,,
5635,06/05/16 10:30:00 PM,11.394,,,,
5636,06/05/16 10:45:00 PM,11.394,,,,
5637,06/05/16 11:00:00 PM,11.321,,,,
5638,06/05/16 11:15:00 PM,11.321,,,,
5639,06/05/16 11:30:00 PM,11.273,,,,
5640,06/05/16 11:45:00 PM,11.224,,,,
5641,06/06/16 12:00:00 AM,11.200,,,,
5642,06/06/16 12:15:00 AM,11.200,,,,
5643,06/06/16 12:30:00 AM,11.175,,,,
5644,06/06/16 12:45:00 AM,11.175,,,,
5645,06/06/16 01:00:00 AM,11.175,,,,
5646,06/06/16 01:15:00 AM,11.200,,,,
5647,06/06/16 01:30:00 AM,11.224,,,,
5648,06/06/16 01:45:00 AM,11.224,,,,
5649,06/06/16 02:00:00 AM,11.273,,,,
5650,06/06/16 02:15:00 AM,11.273,,,,
5651,06/06/16 02:30:00 AM,11.297,,,,
5652,06/06/16 02:45:00 AM,11.321,,,,
5653,06/06/16 03:00:00 AM,11.321,,,,
5654,06/06/16 03:15:00 AM,11.346,,,,
5655,06/06/16 03:30:00 AM,11.370,,,,
5656,06/06/16 03:45:00 AM,11.516,,,,
5657,06/06/16 04:00:00 AM,11.467,,,,
5658,06/06/16 04:15:00 AM,11.565,,,,
5659,06/06/16 04:30:00 AM,11.516,,,,
5660,06/06/16 04:45:00 AM,11.953,,,,
5661,06/06/16 05:00:00 AM,12.147,,,,
5662,06/06/16 05:15:00 AM,12.243,,,,
5663,06/06/16 05:30:00 AM,12.316,,,,
5664,06/06/16 05:45:00 AM,12.171,,,,
5665,06/06/16 06:00:00 AM,12.364,,,,
5666,06/06/16 06:15:00 AM,12.219,,,,
5667,06/06/16 06:30:00 AM,12.340,,,,
5668,06/06/16 06:45:00 AM,12.364,,,,
5669,06/06/16 07:00:00 AM,12.461,,,,
5670,06/06/16 07:15:00 AM,12.678,,,,
5671,06/06/16 07:30:00 AM,12.727,,,,
5672,06/06/16 07:45:00 AM,12.871,,,,
5673,06/06/16 08:00:00 AM,12.920,,,,
5674,06/06/16 08:15:00 AM,13.329,,,,
5675,06/06/16 08:30:00 AM,13.666,,,,
5676,06/06/16 08:45:00 AM,14.577,,,,
5677,06/06/16 09:00:00 AM,14.026,,,,
5678,06/06/16 09:15:00 AM,14.577,,,,
5679,06/06/16 09:30:00 AM,15.008,,,,
5680,06/06/16 09:45:00 AM,16.058,,,,
5681,06/06/16 10:00:00 AM,17.724,,,,
5682,06/06/16 10:15:00 AM,17.986,,,,
5683,06/06/16 10:30:00 AM,17.082,,,,
5684,06/06/16 10:45:00 AM,16.082,,,,
5685,06/06/16 11:00:00 AM,14.888,,,,
5686,06/06/16 11:15:00 AM,12.074,,,,
5687,06/06/16 11:30:00 AM,12.292,,,,
5688,06/06/16 11:45:00 AM,11.856,,,,
5689,06/06/16 12:00:00 PM,11.832,,,,
5690,06/06/16 12:15:00 PM,11.783,,,,
5691,06/06/16 12:30:00 PM,11.759,,,,
5692,06/06/16 12:45:00 PM,11.856,,,,
5693,06/06/16 01:00:00 PM,11.929,,,,
5694,06/06/16 01:15:00 PM,11.929,,,,
5695,06/06/16 01:30:00 PM,12.001,,,,
5696,06/06/16 01:45:00 PM,12.098,,,,
5697,06/06/16 02:00:00 PM,12.147,,,,
5698,06/06/16 02:15:00 PM,12.340,,,,
5699,06/06/16 02:30:00 PM,12.461,,,,
5700,06/06/16 02:45:00 PM,12.534,,,,
5701,06/06/16 03:00:00 PM,12.606,,,,
5702,06/06/16 03:15:00 PM,12.727,,,,
5703,06/06/16 03:30:00 PM,12.751,,,,
5704,06/06/16 03:45:00 PM,12.847,,,,
5705,06/06/16 04:00:00 PM,12.871,,,,
5706,06/06/16 04:15:00 PM,12.871,,,,
5707,06/06/16 04:30:00 PM,12.871,,,,
5708,06/06/16 04:45:00 PM,12.678,,,,
5709,06/06/16 05:00:00 PM,12.582,,,,
5710,06/06/16 05:15:00 PM,12.509,,,,
5711,06/06/16 05:30:00 PM,12.509,,,,
5712,06/06/16 05:45:00 PM,12.364,,,,
5713,06/06/16 06:00:00 PM,12.316,,,,
5714,06/06/16 06:15:00 PM,12.316,,,,
5715,06/06/16 06:30:00 PM,12.292,,,,
5716,06/06/16 06:45:00 PM,12.364,,,,
5717,06/06/16 07:00:00 PM,12.364,,,,
5718,06/06/16 07:15:00 PM,12.243,,,,
5719,06/06/16 07:30:00 PM,12.195,,,,
5720,06/06/16 07:45:00 PM,12.025,,,,
5721,06/06/16 08:00:00 PM,11.953,,,,
5722,06/06/16 08:15:00 PM,11.783,,,,
5723,06/06/16 08:30:00 PM,11.710,,,,
5724,06/06/16 08:45:00 PM,11.637,,,,
5725,06/06/16 09:00:00 PM,11.613,,,,
5726,06/06/16 09:15:00 PM,11.565,,,,
5727,06/06/16 09:30:00 PM,11.516,,,,
5728,06/06/16 09:45:00 PM,11.419,,,,
5729,06/06/16 10:00:00 PM,11.443,,,,
5730,06/06/16 10:15:00 PM,11.443,,,,
5731,06/06/16 10:30:00 PM,11.419,,,,
5732,06/06/16 10:45:00 PM,11.419,,,,
5733,06/06/16 11:00:00 PM,11.370,,,,
5734,06/06/16 11:15:00 PM,11.394,,,,
5735,06/06/16 11:30:00 PM,11.394,,,,
5736,06/06/16 11:45:00 PM,11.419,,,,
5737,06/07/16 12:00:00 AM,11.467,,,,
5738,06/07/16 12:15:00 AM,11.443,,,,
5739,06/07/16 12:30:00 AM,11.443,,,,
5740,06/07/16 12:45:00 AM,11.419,,,,
5741,06/07/16 01:00:00 AM,11.419,,,,
5742,06/07/16 01:15:00 AM,11.419,,,,
5743,06/07/16 01:30:00 AM,11.394,,,,
5744,06/07/16 01:45:00 AM,11.370,,,,
5745,06/07/16 02:00:00 AM,11.273,,,,
5746,06/07/16 02:15:00 AM,11.151,,,,
5747,06/07/16 02:30:00 AM,11.127,,,,
5748,06/07/16 02:45:00 AM,10.980,,,,
5749,06/07/16 03:00:00 AM,10.858,,,,
5750,06/07/16 03:15:00 AM,10.736,,,,
5751,06/07/16 03:30:00 AM,10.541,,,,
5752,06/07/16 03:45:00 AM,10.394,,,,
5753,06/07/16 04:00:00 AM,10.222,,,,
5754,06/07/16 04:15:00 AM,10.124,,,,
5755,06/07/16 04:30:00 AM,9.952,,,,
5756,06/07/16 04:45:00 AM,9.829,,,,
5757,06/07/16 05:00:00 AM,9.756,,,,
5758,06/07/16 05:15:00 AM,9.731,,,,
5759,06/07/16 05:30:00 AM,9.682,,,,
5760,06/07/16 05:45:00 AM,9.706,,,,
5761,06/07/16 06:00:00 AM,9.903,,,,
5762,06/07/16 06:15:00 AM,10.222,,,,
5763,06/07/16 06:30:00 AM,10.418,,,,
5764,06/07/16 06:45:00 AM,10.541,,,,
5765,06/07/16 07:00:00 AM,10.638,,,,
5766,06/07/16 07:15:00 AM,10.883,,,,
5767,06/07/16 07:30:00 AM,10.883,,,,
5768,06/07/16 07:45:00 AM,11.127,,,,
5769,06/07/16 08:00:00 AM,11.394,,,,
5770,06/07/16 08:15:00 AM,12.050,,,,
5771,06/07/16 08:30:00 AM,11.904,,,,
5772,06/07/16 08:45:00 AM,12.654,,,,
5773,06/07/16 09:00:00 AM,12.389,,,,
5774,06/07/16 09:15:00 AM,12.268,,,,
5775,06/07/16 09:30:00 AM,12.558,,,,
5776,06/07/16 09:45:00 AM,13.738,,,,
5777,06/07/16 10:00:00 AM,15.509,,,,
5778,06/07/16 10:15:00 AM,15.533,,,,
5779,06/07/16 10:30:00 AM,15.724,,,,
5780,06/07/16 10:45:00 AM,15.581,,,,
5781,06/07/16 11:00:00 AM,15.055,,,,
5782,06/07/16 11:15:00 AM,14.242,,,,
5783,06/07/16 11:30:00 AM,12.727,,,,
5784,06/07/16 11:45:00 AM,12.243,,,,
5785,06/07/16 12:00:00 PM,11.953,,,,
5786,06/07/16 12:15:00 PM,11.540,,,,
5787,06/07/16 12:30:00 PM,11.516,,,,
5788,06/07/16 12:45:00 PM,11.175,,,,
5789,06/07/16 01:00:00 PM,11.248,,,,
5790,06/07/16 01:15:00 PM,11.273,,,,
5791,06/07/16 01:30:00 PM,11.200,,,,
5792,06/07/16 01:45:00 PM,11.200,,,,
5793,06/07/16 02:00:00 PM,11.248,,,,
5794,06/07/16 02:15:00 PM,11.321,,,,
5795,06/07/16 02:30:00 PM,11.346,,,,
5796,06/07/16 02:45:00 PM,11.370,,,,
5797,06/07/16 03:00:00 PM,11.394,,,,
5798,06/07/16 03:15:00 PM,11.467,,,,
5799,06/07/16 03:30:00 PM,11.540,,,,
5800,06/07/16 03:45:00 PM,11.589,,,,
5801,06/07/16 04:00:00 PM,11.565,,,,
5802,06/07/16 04:15:00 PM,11.710,,,,
5803,06/07/16 04:30:00 PM,11.710,,,,
5804,06/07/16 04:45:00 PM,11.807,,,,
5805,06/07/16 05:00:00 PM,11.734,,,,
5806,06/07/16 05:15:00 PM,11.783,,,,
5807,06/07/16 05:30:00 PM,11.953,,,,
5808,06/07/16 05:45:00 PM,11.953,,,,
5809,06/07/16 06:00:00 PM,12.001,,,,
5810,06/07/16 06:15:00 PM,12.219,,,,
5811,06/07/16 06:30:00 PM,11.467,,,,
5812,06/07/16 06:45:00 PM,11.370,,,,
5813,06/07/16 07:00:00 PM,11.224,,,,
5814,06/07/16 07:15:00 PM,11.053,,,,
5815,06/07/16 07:30:00 PM,11.078,,,,
5816,06/07/16 07:45:00 PM,10.810,,,,
5817,06/07/16 08:00:00 PM,10.541,,,,
5818,06/07/16 08:15:00 PM,10.467,,,,
5819,06/07/16 08:30:00 PM,10.418,,,,
5820,06/07/16 08:45:00 PM,10.222,,,,
5821,06/07/16 09:00:00 PM,10.296,,,,
5822,06/07/16 09:15:00 PM,10.100,,,,
5823,06/07/16 09:30:00 PM,9.977,,,,
5824,06/07/16 09:45:00 PM,9.928,,,,
5825,06/07/16 10:00:00 PM,9.854,,,,
5826,06/07/16 10:15:00 PM,9.657,,,,
5827,06/07/16 10:30:00 PM,9.657,,,,
5828,06/07/16 10:45:00 PM,9.632,,,,
5829,06/07/16 11:00:00 PM,9.608,,,,
5830,06/07/16 11:15:00 PM,9.534,,,,
5831,06/07/16 11:30:00 PM,9.534,,,,
5832,06/07/16 11:45:00 PM,9.534,,,,
5833,06/08/16 12:00:00 AM,9.509,,,,
5834,06/08/16 12:15:00 AM,9.509,,,,
5835,06/08/16 12:30:00 AM,9.485,,,,
5836,06/08/16 12:45:00 AM,9.509,,,,
5837,06/08/16 01:00:00 AM,9.558,,,,
5838,06/08/16 01:15:00 AM,9.583,,,,
5839,06/08/16 01:30:00 AM,9.583,,,,
5840,06/08/16 01:45:00 AM,9.558,,,,
5841,06/08/16 02:00:00 AM,9.583,,,,
5842,06/08/16 02:15:00 AM,9.534,,,,
5843,06/08/16 02:30:00 AM,9.558,,,,
5844,06/08/16 02:45:00 AM,9.558,,,,
5845,06/08/16 03:00:00 AM,9.534,,,,
5846,06/08/16 03:15:00 AM,9.558,,,,
5847,06/08/16 03:30:00 AM,9.558,,,,
5848,06/08/16 03:45:00 AM,9.558,,,,
5849,06/08/16 04:00:00 AM,9.558,,,,
5850,06/08/16 04:15:00 AM,9.558,,,,
5851,06/08/16 04:30:00 AM,9.583,,,,
5852,06/08/16 04:45:00 AM,9.608,,,,
5853,06/08/16 05:00:00 AM,9.682,,,,
5854,06/08/16 05:15:00 AM,9.682,,,,
5855,06/08/16 05:30:00 AM,9.682,,,,
5856,06/08/16 05:45:00 AM,9.706,,,,
5857,06/08/16 06:00:00 AM,9.731,,,,
5858,06/08/16 06:15:00 AM,9.706,,,,
5859,06/08/16 06:30:00 AM,9.756,,,,
5860,06/08/16 06:45:00 AM,10.271,,,,
5861,06/08/16 07:00:00 AM,10.418,,,,
5862,06/08/16 07:15:00 AM,11.078,,,,
5863,06/08/16 07:30:00 AM,11.565,,,,
5864,06/08/16 07:45:00 AM,12.074,,,,
5865,06/08/16 08:00:00 AM,13.016,,,,
5866,06/08/16 08:15:00 AM,12.678,,,,
5867,06/08/16 08:30:00 AM,13.185,,,,
5868,06/08/16 08:45:00 AM,12.920,,,,
5869,06/08/16 09:00:00 AM,13.714,,,,
5870,06/08/16 09:15:00 AM,13.570,,,,
5871,06/08/16 09:30:00 AM,13.714,,,,
5872,06/08/16 09:45:00 AM,13.762,,,,
5873,06/08/16 10:00:00 AM,13.762,,,,
5874,06/08/16 10:15:00 AM,13.497,,,,
5875,06/08/16 10:30:00 AM,14.098,,,,
5876,06/08/16 10:45:00 AM,14.577,,,,
5877,06/08/16 11:00:00 AM,15.414,,,,
5878,06/08/16 11:15:00 AM,15.700,,,,
5879,06/08/16 11:30:00 AM,16.463,,,,
5880,06/08/16 11:45:00 AM,14.960,,,,
5881,06/08/16 12:00:00 PM,13.978,,,,
5882,06/08/16 12:15:00 PM,13.401,,,,
5883,06/08/16 12:30:00 PM,12.606,,,,
5884,06/08/16 12:45:00 PM,12.509,,,,
5885,06/08/16 01:00:00 PM,12.606,,,,
5886,06/08/16 01:15:00 PM,12.050,,,,
5887,06/08/16 01:30:00 PM,11.175,,,,
5888,06/08/16 01:45:00 PM,10.956,,,,
5889,06/08/16 02:00:00 PM,11.053,,,,
5890,06/08/16 02:15:00 PM,11.151,,,,
5891,06/08/16 02:30:00 PM,10.980,,,,
5892,06/08/16 02:45:00 PM,11.005,,,,
5893,06/08/16 03:00:00 PM,10.956,,,,
5894,06/08/16 03:15:00 PM,10.956,,,,
5895,06/08/16 03:30:00 PM,11.078,,,,
5896,06/08/16 03:45:00 PM,11.029,,,,
5897,06/08/16 04:00:00 PM,11.053,,,,
5898,06/08/16 04:15:00 PM,11.078,,,,
5899,06/08/16 04:30:00 PM,11.053,,,,
5900,06/08/16 04:45:00 PM,11.078,,,,
5901,06/08/16 05:00:00 PM,11.078,,,,
5902,06/08/16 05:15:00 PM,11.175,,,,
5903,06/08/16 05:30:00 PM,11.151,,,,
5904,06/08/16 05:45:00 PM,11.200,,,,
5905,06/08/16 06:00:00 PM,11.346,,,,
5906,06/08/16 06:15:00 PM,11.346,,,,
5907,06/08/16 06:30:00 PM,11.832,,,,
5908,06/08/16 06:45:00 PM,11.807,,,,
5909,06/08/16 07:00:00 PM,12.074,,,,
5910,06/08/16 07:15:00 PM,12.340,,,,
5911,06/08/16 07:30:00 PM,12.074,,,,
5912,06/08/16 07:45:00 PM,11.904,,,,
5913,06/08/16 08:00:00 PM,11.832,,,,
5914,06/08/16 08:15:00 PM,11.807,,,,
5915,06/08/16 08:30:00 PM,11.880,,,,
5916,06/08/16 08:45:00 PM,11.710,,,,
5917,06/08/16 09:00:00 PM,11.467,,,,
5918,06/08/16 09:15:00 PM,11.321,,,,
5919,06/08/16 09:30:00 PM,10.761,,,,
5920,06/08/16 09:45:00 PM,10.956,,,,
5921,06/08/16 10:00:00 PM,10.761,,,,
5922,06/08/16 10:15:00 PM,10.565,,,,
5923,06/08/16 10:30:00 PM,10.980,,,,
5924,06/08/16 10:45:00 PM,10.638,,,,
5925,06/08/16 11:00:00 PM,10.345,,,,
5926,06/08/16 11:15:00 PM,10.736,,,,
5927,06/08/16 11:30:00 PM,10.761,,,,
5928,06/08/16 11:45:00 PM,10.907,,,,
5929,06/09/16 12:00:00 AM,10.883,,,,
5930,06/09/16 12:15:00 AM,10.883,,,,
5931,06/09/16 12:30:00 AM,10.883,,,,
5932,06/09/16 12:45:00 AM,10.932,,,,
5933,06/09/16 01:00:00 AM,10.858,,,,
5934,06/09/16 01:15:00 AM,10.761,,,,
5935,06/09/16 01:30:00 AM,10.687,,,,
5936,06/09/16 01:45:00 AM,10.687,,,,
5937,06/09/16 02:00:00 AM,10.687,,,,
5938,06/09/16 02:15:00 AM,10.687,,,,
5939,06/09/16 02:30:00 AM,10.736,,,,
5940,06/09/16 02:45:00 AM,10.785,,,,
5941,06/09/16 03:00:00 AM,10.834,,,,
5942,06/09/16 03:15:00 AM,10.834,,,,
5943,06/09/16 03:30:00 AM,10.834,,,,
5944,06/09/16 03:45:00 AM,10.858,,,,
5945,06/09/16 04:00:00 AM,10.858,,,,
5946,06/09/16 04:15:00 AM,10.883,,,,
5947,06/09/16 04:30:00 AM,10.883,,,,
5948,06/09/16 04:45:00 AM,10.858,,,,
5949,06/09/16 05:00:00 AM,10.858,,,,
5950,06/09/16 05:15:00 AM,10.834,,,,
5951,06/09/16 05:30:00 AM,10.834,,,,
5952,06/09/16 05:45:00 AM,10.834,,,,
5953,06/09/16 06:00:00 AM,10.810,,,,
5954,06/09/16 06:15:00 AM,10.883,,,,
5955,06/09/16 06:30:00 AM,10.907,,,,
5956,06/09/16 06:45:00 AM,11.053,,,,
5957,06/09/16 07:00:00 AM,11.175,,,,
5958,06/09/16 07:15:00 AM,11.224,,,,
5959,06/09/16 07:30:00 AM,11.443,,,,
5960,06/09/16 07:45:00 AM,11.734,,,,
5961,06/09/16 08:00:00 AM,12.219,,,,
5962,06/09/16 08:15:00 AM,12.606,,,,
5963,06/09/16 08:30:00 AM,12.678,,,,
5964,06/09/16 08:45:00 AM,12.847,,,,
5965,06/09/16 09:00:00 AM,13.449,,,,
5966,06/09/16 09:15:00 AM,13.834,,,,
5967,06/09/16 09:30:00 AM,13.690,,,,
5968,06/09/16 09:45:00 AM,14.505,,,,
5969,06/09/16 10:00:00 AM,15.724,,,,
5970,06/09/16 10:15:00 AM,17.772,,,,
5971,06/09/16 10:30:00 AM,17.415,,,,
5972,06/09/16 10:45:00 AM,16.487,,,,
5973,06/09/16 11:00:00 AM,15.175,,,,
5974,06/09/16 11:15:00 AM,14.601,,,,
5975,06/09/16 11:30:00 AM,14.529,,,,
5976,06/09/16 11:45:00 AM,14.481,,,,
5977,06/09/16 12:00:00 PM,14.792,,,,
5978,06/09/16 12:15:00 PM,14.505,,,,
5979,06/09/16 12:30:00 PM,14.745,,,,
5980,06/09/16 12:45:00 PM,15.629,,,,
5981,06/09/16 01:00:00 PM,15.390,,,,
5982,06/09/16 01:15:00 PM,15.055,,,,
5983,06/09/16 01:30:00 PM,15.796,,,,
5984,06/09/16 01:45:00 PM,15.175,,,,
5985,06/09/16 02:00:00 PM,14.242,,,,
5986,06/09/16 02:15:00 PM,15.055,,,,
5987,06/09/16 02:30:00 PM,16.177,,,,
5988,06/09/16 02:45:00 PM,14.002,,,,
5989,06/09/16 03:00:00 PM,12.582,,,,
5990,06/09/16 03:15:00 PM,11.807,,,,
5991,06/09/16 03:30:00 PM,11.321,,,,
5992,06/09/16 03:45:00 PM,11.175,,,,
5993,06/09/16 04:00:00 PM,11.029,,,,
5994,06/09/16 04:15:00 PM,11.078,,,,
5995,06/09/16 04:30:00 PM,11.053,,,,
5996,06/09/16 04:45:00 PM,11.127,,,,
5997,06/09/16 05:00:00 PM,11.127,,,,
5998,06/09/16 05:15:00 PM,11.151,,,,
5999,06/09/16 05:30:00 PM,10.883,,,,
6000,06/09/16 05:45:00 PM,10.467,,,,
6001,06/09/16 06:00:00 PM,10.345,,,,
6002,06/09/16 06:15:00 PM,10.247,,,,
6003,06/09/16 06:30:00 PM,10.394,,,,
6004,06/09/16 06:45:00 PM,10.443,,,,
6005,06/09/16 07:00:00 PM,10.590,,,,
6006,06/09/16 07:15:00 PM,10.858,,,,
6007,06/09/16 07:30:00 PM,10.761,,,,
6008,06/09/16 07:45:00 PM,10.785,,,,
6009,06/09/16 08:00:00 PM,11.078,,,,
6010,06/09/16 08:15:00 PM,10.980,,,,
6011,06/09/16 08:30:00 PM,10.785,,,,
6012,06/09/16 08:45:00 PM,10.443,,,,
6013,06/09/16 09:00:00 PM,10.198,,,,
6014,06/09/16 09:15:00 PM,10.247,,,,
6015,06/09/16 09:30:00 PM,10.369,,,,
6016,06/09/16 09:45:00 PM,10.394,,,,
6017,06/09/16 10:00:00 PM,10.320,,,,
6018,06/09/16 10:15:00 PM,10.247,,,,
6019,06/09/16 10:30:00 PM,10.198,,,,
6020,06/09/16 10:45:00 PM,10.222,,,,
6021,06/09/16 11:00:00 PM,10.198,,,,
6022,06/09/16 11:15:00 PM,9.632,,,,
6023,06/09/16 11:30:00 PM,9.336,,,,
6024,06/09/16 11:45:00 PM,9.262,,,,
6025,06/10/16 12:00:00 AM,9.534,,,,
6026,06/10/16 12:15:00 AM,9.509,,,,
6027,06/10/16 12:30:00 AM,9.435,,,,
6028,06/10/16 12:45:00 AM,9.312,,,,
6029,06/10/16 01:00:00 AM,9.089,,,,
6030,06/10/16 01:15:00 AM,9.583,,,,
6031,06/10/16 01:30:00 AM,9.780,,,,
6032,06/10/16 01:45:00 AM,10.418,,,,
6033,06/10/16 02:00:00 AM,10.492,,,,
6034,06/10/16 02:15:00 AM,10.687,,,,
6035,06/10/16 02:30:00 AM,10.712,,,,
6036,06/10/16 02:45:00 AM,10.810,,,,
6037,06/10/16 03:00:00 AM,10.883,,,,
6038,06/10/16 03:15:00 AM,10.980,,,,
6039,06/10/16 03:30:00 AM,11.005,,,,
6040,06/10/16 03:45:00 AM,11.029,,,,
6041,06/10/16 04:00:00 AM,11.005,,,,
6042,06/10/16 04:15:00 AM,10.956,,,,
6043,06/10/16 04:30:00 AM,10.907,,,,
6044,06/10/16 04:45:00 AM,10.883,,,,
6045,06/10/16 05:00:00 AM,10.858,,,,
6046,06/10/16 05:15:00 AM,10.858,,,,
6047,06/10/16 05:30:00 AM,10.858,,,,
6048,06/10/16 05:45:00 AM,10.834,,,,
6049,06/10/16 06:00:00 AM,10.810,,,,
6050,06/10/16 06:15:00 AM,10.492,,,,
6051,06/10/16 06:30:00 AM,10.663,,,,
6052,06/10/16 06:45:00 AM,11.321,,,,
6053,06/10/16 07:00:00 AM,11.807,,,,
6054,06/10/16 07:15:00 AM,12.147,,,,
6055,06/10/16 07:30:00 AM,13.810,,,,
6056,06/10/16 07:45:00 AM,13.594,,,,
6057,06/10/16 08:00:00 AM,14.337,,,,
6058,06/10/16 08:15:00 AM,11.929,,,,
6059,06/10/16 08:30:00 AM,12.582,,,,
6060,06/10/16 08:45:00 AM,15.199,,,,
6061,06/10/16 09:00:00 AM,15.438,,,,
6062,06/10/16 09:15:00 AM,15.031,,,,
6063,06/10/16 09:30:00 AM,16.773,,,,
6064,06/10/16 09:45:00 AM,16.582,,,,
6065,06/10/16 10:00:00 AM,15.796,,,,
6066,06/10/16 10:15:00 AM,18.105,,,,
6067,06/10/16 10:30:00 AM,18.366,,,,
6068,06/10/16 10:45:00 AM,18.723,,,,
6069,06/10/16 11:00:00 AM,19.318,,,,
6070,06/10/16 11:15:00 AM,19.365,,,,
6071,06/10/16 11:30:00 AM,17.225,,,,
6072,06/10/16 11:45:00 AM,16.487,,,,
6073,06/10/16 12:00:00 PM,18.889,,,,
6074,06/10/16 12:15:00 PM,19.199,,,,
6075,06/10/16 12:30:00 PM,19.603,,,,
6076,06/10/16 12:45:00 PM,19.365,,,,
6077,06/10/16 01:00:00 PM,18.438,,,,
6078,06/10/16 01:15:00 PM,15.366,,,,
6079,06/10/16 01:30:00 PM,14.864,,,,
6080,06/10/16 01:45:00 PM,13.088,,,,
6081,06/10/16 02:00:00 PM,12.413,,,,
6082,06/10/16 02:15:00 PM,12.219,,,,
6083,06/10/16 02:30:00 PM,12.050,,,,
6084,06/10/16 02:45:00 PM,12.316,,,,
6085,06/10/16 03:00:00 PM,12.340,,,,
6086,06/10/16 03:15:00 PM,12.364,,,,
6087,06/10/16 03:30:00 PM,12.171,,,,
6088,06/10/16 03:45:00 PM,12.292,,,,
6089,06/10/16 04:00:00 PM,12.340,,,,
6090,06/10/16 04:15:00 PM,12.171,,,,
6091,06/10/16 04:30:00 PM,12.243,,,,
6092,06/10/16 04:45:00 PM,12.292,,,,
6093,06/10/16 05:00:00 PM,12.389,,,,
6094,06/10/16 05:15:00 PM,12.364,,,,
6095,06/10/16 05:30:00 PM,12.437,,,,
6096,06/10/16 05:45:00 PM,12.437,,,,
6097,06/10/16 06:00:00 PM,12.340,,,,
6098,06/10/16 06:15:00 PM,12.364,,,,
6099,06/10/16 06:30:00 PM,12.340,,,,
6100,06/10/16 06:45:00 PM,12.292,,,,
6101,06/10/16 07:00:00 PM,12.243,,,,
6102,06/10/16 07:15:00 PM,12.219,,,,
6103,06/10/16 07:30:00 PM,12.243,,,,
6104,06/10/16 07:45:00 PM,12.268,,,,
6105,06/10/16 08:00:00 PM,12.219,,,,
6106,06/10/16 08:15:00 PM,12.171,,,,
6107,06/10/16 08:30:00 PM,12.147,,,,
6108,06/10/16 08:45:00 PM,12.122,,,,
6109,06/10/16 09:00:00 PM,12.147,,,,
6110,06/10/16 09:15:00 PM,12.147,,,,
6111,06/10/16 09:30:00 PM,12.098,,,,
6112,06/10/16 09:45:00 PM,12.074,,,,
6113,06/10/16 10:00:00 PM,12.074,,,,
6114,06/10/16 10:15:00 PM,12.050,,,,
6115,06/10/16 10:30:00 PM,12.050,,,,
6116,06/10/16 10:45:00 PM,12.050,,,,
6117,06/10/16 11:00:00 PM,12.098,,,,
6118,06/10/16 11:15:00 PM,12.050,,,,
6119,06/10/16 11:30:00 PM,12.098,,,,
6120,06/10/16 11:45:00 PM,12.098,,,,
6121,06/11/16 12:00:00 AM,12.122,,,,
6122,06/11/16 12:15:00 AM,12.243,,,,
6123,06/11/16 12:30:00 AM,12.171,,,,
6124,06/11/16 12:45:00 AM,12.243,,,,
6125,06/11/16 01:00:00 AM,12.219,,,,
6126,06/11/16 01:15:00 AM,12.268,,,,
6127,06/11/16 01:30:00 AM,12.292,,,,
6128,06/11/16 01:45:00 AM,12.268,,,,
6129,06/11/16 02:00:00 AM,12.268,,,,
6130,06/11/16 02:15:00 AM,12.268,,,,
6131,06/11/16 02:30:00 AM,12.268,,,,
6132,06/11/16 02:45:00 AM,12.243,,,,
6133,06/11/16 03:00:00 AM,12.243,,,,
6134,06/11/16 03:15:00 AM,12.195,,,,
6135,06/11/16 03:30:00 AM,12.171,,,,
6136,06/11/16 03:45:00 AM,12.074,,,,
6137,06/11/16 04:00:00 AM,12.001,,,,
6138,06/11/16 04:15:00 AM,11.977,,,,
6139,06/11/16 04:30:00 AM,11.953,,,,
6140,06/11/16 04:45:00 AM,11.904,,,,
6141,06/11/16 05:00:00 AM,11.807,,,,
6142,06/11/16 05:15:00 AM,11.783,,,,
6143,06/11/16 05:30:00 AM,11.832,,,,
6144,06/11/16 05:45:00 AM,11.856,,,,
6145,06/11/16 06:00:00 AM,11.856,,,,
6146,06/11/16 06:15:00 AM,11.856,,,,
6147,06/11/16 06:30:00 AM,11.856,,,,
6148,06/11/16 06:45:00 AM,11.904,,,,
6149,06/11/16 07:00:00 AM,12.025,,,,
6150,06/11/16 07:15:00 AM,12.050,,,,
6151,06/11/16 07:30:00 AM,12.147,,,,
6152,06/11/16 07:45:00 AM,12.195,,,,
6153,06/11/16 08:00:00 AM,12.364,,,,
6154,06/11/16 08:15:00 AM,12.389,,,,
6155,06/11/16 08:30:00 AM,12.389,,,,
6156,06/11/16 08:45:00 AM,13.281,,,,
6157,06/11/16 09:00:00 AM,12.871,,,,
6158,06/11/16 09:15:00 AM,13.185,,,,
6159,06/11/16 09:30:00 AM,15.199,,,,
6160,06/11/16 09:45:00 AM,18.295,,,,
6161,06/11/16 10:00:00 AM,17.819,,,,
6162,06/11/16 10:15:00 AM,21.843,,,,
6163,06/11/16 10:30:00 AM,21.056,,,,
6164,06/11/16 10:45:00 AM,21.437,,,,
6165,06/11/16 11:00:00 AM,20.198,,,,
6166,06/11/16 11:15:00 AM,20.627,,,,
6167,06/11/16 11:30:00 AM,20.007,,,,
6168,06/11/16 11:45:00 AM,20.150,,,,
6169,06/11/16 12:00:00 PM,23.232,,,,
6170,06/11/16 12:15:00 PM,26.280,,,,
6171,06/11/16 12:30:00 PM,25.890,,,,
6172,06/11/16 12:45:00 PM,25.113,,,,
6173,06/11/16 01:00:00 PM,26.109,,,,
6174,06/11/16 01:15:00 PM,26.256,,,,
6175,06/11/16 01:30:00 PM,24.460,,,,
6176,06/11/16 01:45:00 PM,20.460,,,,
6177,06/11/16 02:00:00 PM,20.174,,,,
6178,06/11/16 02:15:00 PM,18.247,,,,
6179,06/11/16 02:30:00 PM,18.652,,,,
6180,06/11/16 02:45:00 PM,16.344,,,,
6181,06/11/16 03:00:00 PM,15.796,,,,
6182,06/11/16 03:15:00 PM,15.461,,,,
6183,06/11/16 03:30:00 PM,14.649,,,,
6184,06/11/16 03:45:00 PM,15.318,,,,
6185,06/11/16 04:00:00 PM,14.888,,,,
6186,06/11/16 04:15:00 PM,14.385,,,,
6187,06/11/16 04:30:00 PM,14.984,,,,
6188,06/11/16 04:45:00 PM,14.505,,,,
6189,06/11/16 05:00:00 PM,14.529,,,,
6190,06/11/16 05:15:00 PM,14.721,,,,
6191,06/11/16 05:30:00 PM,14.409,,,,
6192,06/11/16 05:45:00 PM,14.385,,,,
6193,06/11/16 06:00:00 PM,14.433,,,,
6194,06/11/16 06:15:00 PM,14.385,,,,
6195,06/11/16 06:30:00 PM,14.409,,,,
6196,06/11/16 06:45:00 PM,14.385,,,,
6197,06/11/16 07:00:00 PM,14.409,,,,
6198,06/11/16 07:15:00 PM,14.361,,,,
6199,06/11/16 07:30:00 PM,14.409,,,,
6200,06/11/16 07:45:00 PM,14.361,,,,
6201,06/11/16 08:00:00 PM,14.290,,,,
6202,06/11/16 08:15:00 PM,14.218,,,,
6203,06/11/16 08:30:00 PM,14.122,,,,
6204,06/11/16 08:45:00 PM,14.098,,,,
6205,06/11/16 09:00:00 PM,14.050,,,,
6206,06/11/16 09:15:00 PM,13.954,,,,
6207,06/11/16 09:30:00 PM,13.978,,,,
6208,06/11/16 09:45:00 PM,13.546,,,,
6209,06/11/16 10:00:00 PM,13.570,,,,
6210,06/11/16 10:15:00 PM,13.233,,,,
6211,06/11/16 10:30:00 PM,12.775,,,,
6212,06/11/16 10:45:00 PM,13.137,,,,
6213,06/11/16 11:00:00 PM,12.775,,,,
6214,06/11/16 11:15:00 PM,12.727,,,,
6215,06/11/16 11:30:00 PM,12.485,,,,
6216,06/11/16 11:45:00 PM,11.443,,,,
6217,06/12/16 12:00:00 AM,11.589,,,,
6218,06/12/16 12:15:00 AM,11.273,,,,
6219,06/12/16 12:30:00 AM,11.492,,,,
6220,06/12/16 12:45:00 AM,10.883,,,,
6221,06/12/16 01:00:00 AM,10.785,,,,
6222,06/12/16 01:15:00 AM,10.736,,,,
6223,06/12/16 01:30:00 AM,10.736,,,,
6224,06/12/16 01:45:00 AM,10.834,,,,
6225,06/12/16 02:00:00 AM,10.638,,,,
6226,06/12/16 02:15:00 AM,10.492,,,,
6227,06/12/16 02:30:00 AM,11.248,,,,
6228,06/12/16 02:45:00 AM,11.492,,,,
6229,06/12/16 03:00:00 AM,11.273,,,,
6230,06/12/16 03:15:00 AM,10.785,,,,
6231,06/12/16 03:30:00 AM,10.736,,,,
6232,06/12/16 03:45:00 AM,11.175,,,,
6233,06/12/16 04:00:00 AM,11.273,,,,
6234,06/12/16 04:15:00 AM,11.078,,,,
6235,06/12/16 04:30:00 AM,11.370,,,,
6236,06/12/16 04:45:00 AM,11.419,,,,
6237,06/12/16 05:00:00 AM,11.370,,,,
6238,06/12/16 05:15:00 AM,11.224,,,,
6239,06/12/16 05:30:00 AM,11.394,,,,
6240,06/12/16 05:45:00 AM,11.370,,,,
6241,06/12/16 06:00:00 AM,11.297,,,,
6242,06/12/16 06:15:00 AM,11.273,,,,
6243,06/12/16 06:30:00 AM,11.248,,,,
6244,06/12/16 06:45:00 AM,11.346,,,,
6245,06/12/16 07:00:00 AM,11.516,,,,
6246,06/12/16 07:15:00 AM,11.492,,,,
6247,06/12/16 07:30:00 AM,12.025,,,,
6248,06/12/16 07:45:00 AM,12.437,,,,
6249,06/12/16 08:00:00 AM,13.257,,,,
6250,06/12/16 08:15:00 AM,11.977,,,,
6251,06/12/16 08:30:00 AM,13.112,,,,
6252,06/12/16 08:45:00 AM,12.871,,,,
6253,06/12/16 09:00:00 AM,14.649,,,,
6254,06/12/16 09:15:00 AM,13.834,,,,
6255,06/12/16 09:30:00 AM,14.290,,,,
6256,06/12/16 09:45:00 AM,14.194,,,,
6257,06/12/16 10:00:00 AM,16.225,,,,
6258,06/12/16 10:15:00 AM,16.701,,,,
6259,06/12/16 10:30:00 AM,17.177,,,,
6260,06/12/16 10:45:00 AM,18.010,,,,
6261,06/12/16 11:00:00 AM,17.724,,,,
6262,06/12/16 11:15:00 AM,18.533,,,,
6263,06/12/16 11:30:00 AM,19.341,,,,
6264,06/12/16 11:45:00 AM,19.413,,,,
6265,06/12/16 12:00:00 PM,19.651,,,,
6266,06/12/16 12:15:00 PM,20.126,,,,
6267,06/12/16 12:30:00 PM,19.841,,,,
6268,06/12/16 12:45:00 PM,20.269,,,,
6269,06/12/16 01:00:00 PM,20.722,,,,
6270,06/12/16 01:15:00 PM,20.770,,,,
6271,06/12/16 01:30:00 PM,21.175,,,,
6272,06/12/16 01:45:00 PM,21.413,,,,
6273,06/12/16 02:00:00 PM,18.319,,,,
6274,06/12/16 02:15:00 PM,17.272,,,,
6275,06/12/16 02:30:00 PM,16.963,,,,
6276,06/12/16 02:45:00 PM,17.201,,,,
6277,06/12/16 03:00:00 PM,17.368,,,,
6278,06/12/16 03:15:00 PM,15.199,,,,
6279,06/12/16 03:30:00 PM,15.414,,,,
6280,06/12/16 03:45:00 PM,14.673,,,,
6281,06/12/16 04:00:00 PM,14.361,,,,
6282,06/12/16 04:15:00 PM,14.505,,,,
6283,06/12/16 04:30:00 PM,13.786,,,,
6284,06/12/16 04:45:00 PM,14.098,,,,
6285,06/12/16 05:00:00 PM,13.594,,,,
6286,06/12/16 05:15:00 PM,13.329,,,,
6287,06/12/16 05:30:00 PM,13.497,,,,
6288,06/12/16 05:45:00 PM,13.497,,,,
6289,06/12/16 06:00:00 PM,13.233,,,,
6290,06/12/16 06:15:00 PM,13.281,,,,
6291,06/12/16 06:30:00 PM,13.281,,,,
6292,06/12/16 06:45:00 PM,13.233,,,,
6293,06/12/16 07:00:00 PM,13.233,,,,
6294,06/12/16 07:15:00 PM,13.209,,,,
6295,06/12/16 07:30:00 PM,13.185,,,,
6296,06/12/16 07:45:00 PM,13.137,,,,
6297,06/12/16 08:00:00 PM,13.088,,,,
6298,06/12/16 08:15:00 PM,13.040,,,,
6299,06/12/16 08:30:00 PM,12.968,,,,
6300,06/12/16 08:45:00 PM,12.968,,,,
6301,06/12/16 09:00:00 PM,12.799,,,,
6302,06/12/16 09:15:00 PM,12.727,,,,
6303,06/12/16 09:30:00 PM,12.654,,,,
6304,06/12/16 09:45:00 PM,12.558,,,,
6305,06/12/16 10:00:00 PM,12.558,,,,
6306,06/12/16 10:15:00 PM,12.268,,,,
6307,06/12/16 10:30:00 PM,12.316,,,,
6308,06/12/16 10:45:00 PM,12.171,,,,
6309,06/12/16 11:00:00 PM,11.929,,,,
6310,06/12/16 11:15:00 PM,11.856,,,,
6311,06/12/16 11:30:00 PM,11.710,,,,
6312,06/12/16 11:45:00 PM,11.662,,,,
6313,06/13/16 12:00:00 AM,11.540,,,,
6314,06/13/16 12:15:00 AM,11.516,,,,
6315,06/13/16 12:30:00 AM,11.516,,,,
6316,06/13/16 12:45:00 AM,11.589,,,,
6317,06/13/16 01:00:00 AM,11.565,,,,
6318,06/13/16 01:15:00 AM,11.419,,,,
6319,06/13/16 01:30:00 AM,11.394,,,,
6320,06/13/16 01:45:00 AM,11.419,,,,
6321,06/13/16 02:00:00 AM,11.394,,,,
6322,06/13/16 02:15:00 AM,11.273,,,,
6323,06/13/16 02:30:00 AM,11.248,,,,
6324,06/13/16 02:45:00 AM,11.127,,,,
6325,06/13/16 03:00:00 AM,11.175,,,,
6326,06/13/16 03:15:00 AM,11.175,,,,
6327,06/13/16 03:30:00 AM,11.053,,,,
6328,06/13/16 03:45:00 AM,10.956,,,,
6329,06/13/16 04:00:00 AM,11.005,,,,
6330,06/13/16 04:15:00 AM,10.638,,,,
6331,06/13/16 04:30:00 AM,10.663,,,,
6332,06/13/16 04:45:00 AM,10.834,,,,
6333,06/13/16 05:00:00 AM,10.687,,,,
6334,06/13/16 05:15:00 AM,10.614,,,,
6335,06/13/16 05:30:00 AM,10.590,,,,
6336,06/13/16 05:45:00 AM,10.492,,,,
6337,06/13/16 06:00:00 AM,10.663,,,,
6338,06/13/16 06:15:00 AM,10.590,,,,
6339,06/13/16 06:30:00 AM,10.565,,,,
6340,06/13/16 06:45:00 AM,10.541,,,,
6341,06/13/16 07:00:00 AM,10.663,,,,
6342,06/13/16 07:15:00 AM,11.029,,,,
6343,06/13/16 07:30:00 AM,10.736,,,,
6344,06/13/16 07:45:00 AM,10.663,,,,
6345,06/13/16 08:00:00 AM,10.614,,,,
6346,06/13/16 08:15:00 AM,10.956,,,,
6347,06/13/16 08:30:00 AM,11.370,,,,
6348,06/13/16 08:45:00 AM,11.565,,,,
6349,06/13/16 09:00:00 AM,12.001,,,,
6350,06/13/16 09:15:00 AM,11.273,,,,
6351,06/13/16 09:30:00 AM,11.516,,,,
6352,06/13/16 09:45:00 AM,11.346,,,,
6353,06/13/16 10:00:00 AM,11.467,,,,
6354,06/13/16 10:15:00 AM,11.929,,,,
6355,06/13/16 10:30:00 AM,11.565,,,,
6356,06/13/16 10:45:00 AM,12.751,,,,
6357,06/13/16 11:00:00 AM,14.050,,,,
6358,06/13/16 11:15:00 AM,15.055,,,,
6359,06/13/16 11:30:00 AM,15.031,,,,
6360,06/13/16 11:45:00 AM,14.361,,,,
6361,06/13/16 12:00:00 PM,17.463,,,,
6362,06/13/16 12:15:00 PM,18.580,,,,
6363,06/13/16 12:30:00 PM,17.558,,,,
6364,06/13/16 12:45:00 PM,18.319,,,,
6365,06/13/16 01:00:00 PM,18.129,,,,
6366,06/13/16 01:15:00 PM,18.652,,,,
6367,06/13/16 01:30:00 PM,18.200,,,,
6368,06/13/16 01:45:00 PM,17.582,,,,
6369,06/13/16 02:00:00 PM,15.485,,,,
6370,06/13/16 02:15:00 PM,15.008,,,,
6371,06/13/16 02:30:00 PM,13.738,,,,
6372,06/13/16 02:45:00 PM,14.601,,,,
6373,06/13/16 03:00:00 PM,13.642,,,,
6374,06/13/16 03:15:00 PM,14.314,,,,
6375,06/13/16 03:30:00 PM,17.463,,,,
6376,06/13/16 03:45:00 PM,14.194,,,,
6377,06/13/16 04:00:00 PM,12.703,,,,
6378,06/13/16 04:15:00 PM,13.425,,,,
6379,06/13/16 04:30:00 PM,11.977,,,,
6380,06/13/16 04:45:00 PM,12.630,,,,
6381,06/13/16 05:00:00 PM,11.759,,,,
6382,06/13/16 05:15:00 PM,11.492,,,,
6383,06/13/16 05:30:00 PM,11.297,,,,
6384,06/13/16 05:45:00 PM,11.200,,,,
6385,06/13/16 06:00:00 PM,11.273,,,,
6386,06/13/16 06:15:00 PM,11.273,,,,
6387,06/13/16 06:30:00 PM,11.321,,,,
6388,06/13/16 06:45:00 PM,11.297,,,,
6389,06/13/16 07:00:00 PM,11.224,,,,
6390,06/13/16 07:15:00 PM,11.078,,,,
6391,06/13/16 07:30:00 PM,10.956,,,,
6392,06/13/16 07:45:00 PM,10.858,,,,
6393,06/13/16 08:00:00 PM,10.736,,,,
6394,06/13/16 08:15:00 PM,10.687,,,,
6395,06/13/16 08:30:00 PM,10.638,,,,
6396,06/13/16 08:45:00 PM,10.565,,,,
6397,06/13/16 09:00:00 PM,10.516,,,,
6398,06/13/16 09:15:00 PM,10.541,,,,
6399,06/13/16 09:30:00 PM,10.614,,,,
6400,06/13/16 09:45:00 PM,10.590,,,,
6401,06/13/16 10:00:00 PM,10.663,,,,
6402,06/13/16 10:15:00 PM,10.810,,,,
6403,06/13/16 10:30:00 PM,10.810,,,,
6404,06/13/16 10:45:00 PM,10.932,,,,
6405,06/13/16 11:00:00 PM,11.005,,,,
6406,06/13/16 11:15:00 PM,11.005,,,,
6407,06/13/16 11:30:00 PM,11.029,,,,
6408,06/13/16 11:45:00 PM,10.956,,,,
6409,06/14/16 12:00:00 AM,10.980,,,,
6410,06/14/16 12:15:00 AM,10.980,,,,
6411,06/14/16 12:30:00 AM,10.980,,,,
6412,06/14/16 12:45:00 AM,10.956,,,,
6413,06/14/16 01:00:00 AM,10.858,,,,
6414,06/14/16 01:15:00 AM,10.834,,,,
6415,06/14/16 01:30:00 AM,10.565,,,,
6416,06/14/16 01:45:00 AM,10.712,,,,
6417,06/14/16 02:00:00 AM,10.541,,,,
6418,06/14/16 02:15:00 AM,10.541,,,,
6419,06/14/16 02:30:00 AM,10.638,,,,
6420,06/14/16 02:45:00 AM,10.443,,,,
6421,06/14/16 03:00:00 AM,10.296,,,,
6422,06/14/16 03:15:00 AM,10.443,,,,
6423,06/14/16 03:30:00 AM,10.418,,,,
6424,06/14/16 03:45:00 AM,10.345,,,,
6425,06/14/16 04:00:00 AM,10.687,,,,
6426,06/14/16 04:15:00 AM,10.638,,,,
6427,06/14/16 04:30:00 AM,10.492,,,,
6428,06/14/16 04:45:00 AM,10.516,,,,
6429,06/14/16 05:00:00 AM,10.638,,,,
6430,06/14/16 05:15:00 AM,11.029,,,,
6431,06/14/16 05:30:00 AM,10.980,,,,
6432,06/14/16 05:45:00 AM,11.005,,,,
6433,06/14/16 06:00:00 AM,11.029,,,,
6434,06/14/16 06:15:00 AM,11.078,,,,
6435,06/14/16 06:30:00 AM,11.078,,,,
6436,06/14/16 06:45:00 AM,11.102,,,,
6437,06/14/16 07:00:00 AM,11.127,,,,
6438,06/14/16 07:15:00 AM,11.175,,,,
6439,06/14/16 07:30:00 AM,11.200,,,,
6440,06/14/16 07:45:00 AM,11.175,,,,
6441,06/14/16 08:00:00 AM,11.175,,,,
6442,06/14/16 08:15:00 AM,11.151,,,,
6443,06/14/16 08:30:00 AM,11.321,,,,
6444,06/14/16 08:45:00 AM,11.321,,,,
6445,06/14/16 09:00:00 AM,11.443,,,,
6446,06/14/16 09:15:00 AM,11.346,,,,
6447,06/14/16 09:30:00 AM,11.273,,,,
6448,06/14/16 09:45:00 AM,11.370,,,,
6449,06/14/16 10:00:00 AM,11.637,,,,
6450,06/14/16 10:15:00 AM,11.710,,,,
6451,06/14/16 10:30:00 AM,11.589,,,,
6452,06/14/16 10:45:00 AM,11.977,,,,
6453,06/14/16 11:00:00 AM,11.880,,,,
6454,06/14/16 11:15:00 AM,12.074,,,,
6455,06/14/16 11:30:00 AM,12.509,,,,
6456,06/14/16 11:45:00 AM,12.340,,,,
6457,06/14/16 12:00:00 PM,12.364,,,,
6458,06/14/16 12:15:00 PM,12.001,,,,
6459,06/14/16 12:30:00 PM,12.509,,,,
6460,06/14/16 12:45:00 PM,13.088,,,,
6461,06/14/16 01:00:00 PM,13.449,,,,
6462,06/14/16 01:15:00 PM,13.233,,,,
6463,06/14/16 01:30:00 PM,13.714,,,,
6464,06/14/16 01:45:00 PM,13.786,,,,
6465,06/14/16 02:00:00 PM,13.834,,,,
6466,06/14/16 02:15:00 PM,14.409,,,,
6467,06/14/16 02:30:00 PM,14.984,,,,
6468,06/14/16 02:45:00 PM,14.314,,,,
6469,06/14/16 03:00:00 PM,14.290,,,,
6470,06/14/16 03:15:00 PM,13.522,,,,
6471,06/14/16 03:30:00 PM,13.546,,,,
6472,06/14/16 03:45:00 PM,13.305,,,,
6473,06/14/16 04:00:00 PM,13.016,,,,
6474,06/14/16 04:15:00 PM,13.016,,,,
6475,06/14/16 04:30:00 PM,13.016,,,,
6476,06/14/16 04:45:00 PM,12.654,,,,
6477,06/14/16 05:00:00 PM,12.606,,,,
6478,06/14/16 05:15:00 PM,12.630,,,,
6479,06/14/16 05:30:00 PM,12.437,,,,
6480,06/14/16 05:45:00 PM,12.413,,,,
6481,06/14/16 06:00:00 PM,12.292,,,,
6482,06/14/16 06:15:00 PM,12.316,,,,
6483,06/14/16 06:30:00 PM,12.413,,,,
6484,06/14/16 06:45:00 PM,12.389,,,,
6485,06/14/16 07:00:00 PM,12.340,,,,
6486,06/14/16 07:15:00 PM,12.340,,,,
6487,06/14/16 07:30:00 PM,12.316,,,,
6488,06/14/16 07:45:00 PM,12.292,,,,
6489,06/14/16 08:00:00 PM,12.316,,,,
6490,06/14/16 08:15:00 PM,12.268,,,,
6491,06/14/16 08:30:00 PM,12.243,,,,
6492,06/14/16 08:45:00 PM,12.219,,,,
6493,06/14/16 09:00:00 PM,12.219,,,,
6494,06/14/16 09:15:00 PM,12.195,,,,
6495,06/14/16 09:30:00 PM,12.171,,,,
6496,06/14/16 09:45:00 PM,12.147,,,,
6497,06/14/16 10:00:00 PM,12.147,,,,
6498,06/14/16 10:15:00 PM,12.147,,,,
6499,06/14/16 10:30:00 PM,12.147,,,,
6500,06/14/16 10:45:00 PM,12.147,,,,
6501,06/14/16 11:00:00 PM,12.195,,,,
6502,06/14/16 11:15:00 PM,12.243,,,,
6503,06/14/16 11:30:00 PM,12.243,,,,
6504,06/14/16 11:45:00 PM,12.219,,,,
6505,06/15/16 12:00:00 AM,12.219,,,,
6506,06/15/16 12:15:00 AM,12.243,,,,
6507,06/15/16 12:30:00 AM,12.219,,,,
6508,06/15/16 12:45:00 AM,12.195,,,,
6509,06/15/16 01:00:00 AM,12.147,,,,
6510,06/15/16 01:15:00 AM,12.122,,,,
6511,06/15/16 01:30:00 AM,12.025,,,,
6512,06/15/16 01:45:00 AM,11.783,,,,
6513,06/15/16 02:00:00 AM,11.613,,,,
6514,06/15/16 02:15:00 AM,11.734,,,,
6515,06/15/16 02:30:00 AM,11.127,,,,
6516,06/15/16 02:45:00 AM,10.271,,,,
6517,06/15/16 03:00:00 AM,10.075,,,,
6518,06/15/16 03:15:00 AM,10.173,,,,
6519,06/15/16 03:30:00 AM,8.916,,,,
6520,06/15/16 03:45:00 AM,8.916,,,,
6521,06/15/16 04:00:00 AM,9.089,,,,
6522,06/15/16 04:15:00 AM,10.149,,,,
6523,06/15/16 04:30:00 AM,9.336,,,,
6524,06/15/16 04:45:00 AM,10.149,,,,
6525,06/15/16 05:00:00 AM,10.075,,,,
6526,06/15/16 05:15:00 AM,10.443,,,,
6527,06/15/16 05:30:00 AM,11.053,,,,
6528,06/15/16 05:45:00 AM,11.297,,,,
6529,06/15/16 06:00:00 AM,11.419,,,,
6530,06/15/16 06:15:00 AM,11.467,,,,
6531,06/15/16 06:30:00 AM,11.467,,,,
6532,06/15/16 06:45:00 AM,11.346,,,,
6533,06/15/16 07:00:00 AM,11.321,,,,
6534,06/15/16 07:15:00 AM,11.370,,,,
6535,06/15/16 07:30:00 AM,11.419,,,,
6536,06/15/16 07:45:00 AM,11.467,,,,
6537,06/15/16 08:00:00 AM,11.516,,,,
6538,06/15/16 08:15:00 AM,11.565,,,,
6539,06/15/16 08:30:00 AM,11.613,,,,
6540,06/15/16 08:45:00 AM,11.662,,,,
6541,06/15/16 09:00:00 AM,11.686,,,,
6542,06/15/16 09:15:00 AM,11.710,,,,
6543,06/15/16 09:30:00 AM,11.710,,,,
6544,06/15/16 09:45:00 AM,11.759,,,,
6545,06/15/16 10:00:00 AM,11.880,,,,
6546,06/15/16 10:15:00 AM,11.880,,,,
6547,06/15/16 10:30:00 AM,12.025,,,,
6548,06/15/16 10:45:00 AM,12.050,,,,
6549,06/15/16 11:00:00 AM,12.243,,,,
6550,06/15/16 11:15:00 AM,12.268,,,,
6551,06/15/16 11:30:00 AM,12.292,,,,
6552,06/15/16 11:45:00 AM,12.364,,,,
6553,06/15/16 12:00:00 PM,12.437,,,,
6554,06/15/16 12:15:00 PM,12.775,,,,
6555,06/15/16 12:30:00 PM,12.751,,,,
6556,06/15/16 12:45:00 PM,12.727,,,,
6557,06/15/16 01:00:00 PM,12.727,,,,
6558,06/15/16 01:15:00 PM,12.823,,,,
6559,06/15/16 01:30:00 PM,12.896,,,,
6560,06/15/16 01:45:00 PM,13.185,,,,
6561,06/15/16 02:00:00 PM,13.112,,,,
6562,06/15/16 02:15:00 PM,13.257,,,,
6563,06/15/16 02:30:00 PM,13.233,,,,
6564,06/15/16 02:45:00 PM,13.449,,,,
6565,06/15/16 03:00:00 PM,13.666,,,,
6566,06/15/16 03:15:00 PM,13.473,,,,
6567,06/15/16 03:30:00 PM,13.570,,,,
6568,06/15/16 03:45:00 PM,13.353,,,,
6569,06/15/16 04:00:00 PM,13.570,,,,
6570,06/15/16 04:15:00 PM,13.810,,,,
6571,06/15/16 04:30:00 PM,13.546,,,,
6572,06/15/16 04:45:00 PM,13.257,,,,
6573,06/15/16 05:00:00 PM,13.233,,,,
6574,06/15/16 05:15:00 PM,13.064,,,,
6575,06/15/16 05:30:00 PM,12.992,,,,
6576,06/15/16 05:45:00 PM,13.016,,,,
6577,06/15/16 06:00:00 PM,12.992,,,,
6578,06/15/16 06:15:00 PM,13.064,,,,
6579,06/15/16 06:30:00 PM,13.016,,,,
6580,06/15/16 06:45:00 PM,12.992,,,,
6581,06/15/16 07:00:00 PM,12.896,,,,
6582,06/15/16 07:15:00 PM,12.896,,,,
6583,06/15/16 07:30:00 PM,12.847,,,,
6584,06/15/16 07:45:00 PM,12.823,,,,
6585,06/15/16 08:00:00 PM,12.751,,,,
6586,06/15/16 08:15:00 PM,12.703,,,,
6587,06/15/16 08:30:00 PM,12.654,,,,
6588,06/15/16 08:45:00 PM,12.630,,,,
6589,06/15/16 09:00:00 PM,12.630,,,,
6590,06/15/16 09:15:00 PM,12.630,,,,
6591,06/15/16 09:30:00 PM,12.630,,,,
6592,06/15/16 09:45:00 PM,12.630,,,,
6593,06/15/16 10:00:00 PM,12.606,,,,
6594,06/15/16 10:15:00 PM,12.582,,,,
6595,06/15/16 10:30:00 PM,12.558,,,,
6596,06/15/16 10:45:00 PM,12.558,,,,
6597,06/15/16 11:00:00 PM,12.582,,,,
6598,06/15/16 11:15:00 PM,12.606,,,,
6599,06/15/16 11:30:00 PM,12.606,,,,
6600,06/15/16 11:45:00 PM,12.606,,,,
6601,06/16/16 12:00:00 AM,12.606,,,,
6602,06/16/16 12:15:00 AM,12.558,,,,
6603,06/16/16 12:30:00 AM,12.534,,,,
6604,06/16/16 12:45:00 AM,12.558,,,,
6605,06/16/16 01:00:00 AM,12.582,,,,
6606,06/16/16 01:15:00 AM,12.606,,,,
6607,06/16/16 01:30:00 AM,12.558,,,,
6608,06/16/16 01:45:00 AM,12.461,,,,
6609,06/16/16 02:00:00 AM,12.389,,,,
6610,06/16/16 02:15:00 AM,12.025,,,,
6611,06/16/16 02:30:00 AM,11.589,,,,
6612,06/16/16 02:45:00 AM,11.856,,,,
6613,06/16/16 03:00:00 AM,11.613,,,,
6614,06/16/16 03:15:00 AM,11.102,,,,
6615,06/16/16 03:30:00 AM,11.151,,,,
6616,06/16/16 03:45:00 AM,10.638,,,,
6617,06/16/16 04:00:00 AM,10.075,,,,
6618,06/16/16 04:15:00 AM,9.756,,,,
6619,06/16/16 04:30:00 AM,9.534,,,,
6620,06/16/16 04:45:00 AM,9.361,,,,
6621,06/16/16 05:00:00 AM,9.928,,,,
6622,06/16/16 05:15:00 AM,9.460,,,,
6623,06/16/16 05:30:00 AM,9.386,,,,
6624,06/16/16 05:45:00 AM,9.213,,,,
6625,06/16/16 06:00:00 AM,10.810,,,,
6626,06/16/16 06:15:00 AM,10.443,,,,
6627,06/16/16 06:30:00 AM,10.980,,,,
6628,06/16/16 06:45:00 AM,11.419,,,,
6629,06/16/16 07:00:00 AM,11.613,,,,
6630,06/16/16 07:15:00 AM,11.734,,,,
6631,06/16/16 07:30:00 AM,11.759,,,,
6632,06/16/16 07:45:00 AM,11.977,,,,
6633,06/16/16 08:00:00 AM,11.856,,,,
6634,06/16/16 08:15:00 AM,11.880,,,,
6635,06/16/16 08:30:00 AM,11.977,,,,
6636,06/16/16 08:45:00 AM,12.050,,,,
6637,06/16/16 09:00:00 AM,12.268,,,,
6638,06/16/16 09:15:00 AM,12.147,,,,
6639,06/16/16 09:30:00 AM,12.340,,,,
6640,06/16/16 09:45:00 AM,12.243,,,,
6641,06/16/16 10:00:00 AM,12.243,,,,
6642,06/16/16 10:15:00 AM,12.437,,,,
6643,06/16/16 10:30:00 AM,12.316,,,,
6644,06/16/16 10:45:00 AM,12.364,,,,
6645,06/16/16 11:00:00 AM,12.389,,,,
6646,06/16/16 11:15:00 AM,12.678,,,,
6647,06/16/16 11:30:00 AM,12.775,,,,
6648,06/16/16 11:45:00 AM,12.823,,,,
6649,06/16/16 12:00:00 PM,12.968,,,,
6650,06/16/16 12:15:00 PM,13.016,,,,
6651,06/16/16 12:30:00 PM,13.040,,,,
6652,06/16/16 12:45:00 PM,13.233,,,,
6653,06/16/16 01:00:00 PM,13.281,,,,
6654,06/16/16 01:15:00 PM,13.401,,,,
6655,06/16/16 01:30:00 PM,13.257,,,,
6656,06/16/16 01:45:00 PM,13.618,,,,
6657,06/16/16 02:00:00 PM,13.377,,,,
6658,06/16/16 02:15:00 PM,13.522,,,,
6659,06/16/16 02:30:00 PM,13.810,,,,
6660,06/16/16 02:45:00 PM,13.786,,,,
6661,06/16/16 03:00:00 PM,13.570,,,,
6662,06/16/16 03:15:00 PM,14.218,,,,
6663,06/16/16 03:30:00 PM,14.194,,,,
6664,06/16/16 03:45:00 PM,13.690,,,,
6665,06/16/16 04:00:00 PM,14.505,,,,
6666,06/16/16 04:15:00 PM,13.786,,,,
6667,06/16/16 04:30:00 PM,13.618,,,,
6668,06/16/16 04:45:00 PM,14.026,,,,
6669,06/16/16 05:00:00 PM,13.930,,,,
6670,06/16/16 05:15:00 PM,13.714,,,,
6671,06/16/16 05:30:00 PM,14.002,,,,
6672,06/16/16 05:45:00 PM,13.810,,,,
6673,06/16/16 06:00:00 PM,13.618,,,,
6674,06/16/16 06:15:00 PM,13.666,,,,
6675,06/16/16 06:30:00 PM,13.690,,,,
6676,06/16/16 06:45:00 PM,13.858,,,,
6677,06/16/16 07:00:00 PM,13.738,,,,
6678,06/16/16 07:15:00 PM,13.642,,,,
6679,06/16/16 07:30:00 PM,13.690,,,,
6680,06/16/16 07:45:00 PM,13.666,,,,
6681,06/16/16 08:00:00 PM,13.666,,,,
6682,06/16/16 08:15:00 PM,13.618,,,,
6683,06/16/16 08:30:00 PM,13.594,,,,
6684,06/16/16 08:45:00 PM,13.546,,,,
6685,06/16/16 09:00:00 PM,13.546,,,,
6686,06/16/16 09:15:00 PM,13.522,,,,
6687,06/16/16 09:30:00 PM,13.497,,,,
6688,06/16/16 09:45:00 PM,13.473,,,,
6689,06/16/16 10:00:00 PM,13.377,,,,
6690,06/16/16 10:15:00 PM,13.305,,,,
6691,06/16/16 10:30:00 PM,13.257,,,,
6692,06/16/16 10:45:00 PM,13.209,,,,
6693,06/16/16 11:00:00 PM,13.161,,,,
6694,06/16/16 11:15:00 PM,13.112,,,,
6695,06/16/16 11:30:00 PM,13.016,,,,
6696,06/16/16 11:45:00 PM,12.944,,,,
6697,06/17/16 12:00:00 AM,12.847,,,,
6698,06/17/16 12:15:00 AM,12.775,,,,
6699,06/17/16 12:30:00 AM,12.678,,,,
6700,06/17/16 12:45:00 AM,12.534,,,,
6701,06/17/16 01:00:00 AM,12.534,,,,
6702,06/17/16 01:15:00 AM,12.485,,,,
6703,06/17/16 01:30:00 AM,12.437,,,,
6704,06/17/16 01:45:00 AM,12.437,,,,
6705,06/17/16 02:00:00 AM,12.413,,,,
6706,06/17/16 02:15:00 AM,12.437,,,,
6707,06/17/16 02:30:00 AM,12.389,,,,
6708,06/17/16 02:45:00 AM,12.268,,,,
6709,06/17/16 03:00:00 AM,12.098,,,,
6710,06/17/16 03:15:00 AM,10.980,,,,
6711,06/17/16 03:30:00 AM,11.175,,,,
6712,06/17/16 03:45:00 AM,9.583,,,,
6713,06/17/16 04:00:00 AM,9.163,,,,
6714,06/17/16 04:15:00 AM,9.558,,,,
6715,06/17/16 04:30:00 AM,9.780,,,,
6716,06/17/16 04:45:00 AM,9.756,,,,
6717,06/17/16 05:00:00 AM,9.805,,,,
6718,06/17/16 05:15:00 AM,9.903,,,,
6719,06/17/16 05:30:00 AM,9.879,,,,
6720,06/17/16 05:45:00 AM,10.051,,,,
6721,06/17/16 06:00:00 AM,9.879,,,,
6722,06/17/16 06:15:00 AM,9.657,,,,
6723,06/17/16 06:30:00 AM,9.903,,,,
6724,06/17/16 06:45:00 AM,10.541,,,,
6725,06/17/16 07:00:00 AM,10.858,,,,
6726,06/17/16 07:15:00 AM,11.686,,,,
6727,06/17/16 07:30:00 AM,11.929,,,,
6728,06/17/16 07:45:00 AM,12.968,,,,
6729,06/17/16 08:00:00 AM,13.209,,,,
6730,06/17/16 08:15:00 AM,12.896,,,,
6731,06/17/16 08:30:00 AM,12.630,,,,
6732,06/17/16 08:45:00 AM,12.485,,,,
6733,06/17/16 09:00:00 AM,12.871,,,,
6734,06/17/16 09:15:00 AM,12.968,,,,
6735,06/17/16 09:30:00 AM,12.896,,,,
6736,06/17/16 09:45:00 AM,13.257,,,,
6737,06/17/16 10:00:00 AM,13.016,,,,
6738,06/17/16 10:15:00 AM,13.088,,,,
6739,06/17/16 10:30:00 AM,13.546,,,,
6740,06/17/16 10:45:00 AM,12.871,,,,
6741,06/17/16 11:00:00 AM,13.305,,,,
6742,06/17/16 11:15:00 AM,13.040,,,,
6743,06/17/16 11:30:00 AM,13.040,,,,
6744,06/17/16 11:45:00 AM,12.871,,,,
6745,06/17/16 12:00:00 PM,12.968,,,,
6746,06/17/16 12:15:00 PM,12.920,,,,
6747,06/17/16 12:30:00 PM,12.920,,,,
6748,06/17/16 12:45:00 PM,13.594,,,,
6749,06/17/16 01:00:00 PM,13.137,,,,
6750,06/17/16 01:15:00 PM,13.594,,,,
6751,06/17/16 01:30:00 PM,13.666,,,,
6752,06/17/16 01:45:00 PM,14.002,,,,
6753,06/17/16 02:00:00 PM,14.409,,,,
6754,06/17/16 02:15:00 PM,14.697,,,,
6755,06/17/16 02:30:00 PM,14.433,,,,
6756,06/17/16 02:45:00 PM,14.481,,,,
6757,06/17/16 03:00:00 PM,14.816,,,,
6758,06/17/16 03:15:00 PM,14.745,,,,
6759,06/17/16 03:30:00 PM,16.915,,,,
6760,06/17/16 03:45:00 PM,16.249,,,,
6761,06/17/16 04:00:00 PM,15.247,,,,
6762,06/17/16 04:15:00 PM,14.912,,,,
6763,06/17/16 04:30:00 PM,14.912,,,,
6764,06/17/16 04:45:00 PM,14.768,,,,
6765,06/17/16 05:00:00 PM,15.772,,,,
6766,06/17/16 05:15:00 PM,15.175,,,,
6767,06/17/16 05:30:00 PM,14.912,,,,
6768,06/17/16 05:45:00 PM,15.294,,,,
6769,06/17/16 06:00:00 PM,15.079,,,,
6770,06/17/16 06:15:00 PM,15.175,,,,
6771,06/17/16 06:30:00 PM,15.939,,,,
6772,06/17/16 06:45:00 PM,14.792,,,,
6773,06/17/16 07:00:00 PM,15.414,,,,
6774,06/17/16 07:15:00 PM,14.697,,,,
6775,06/17/16 07:30:00 PM,14.218,,,,
6776,06/17/16 07:45:00 PM,13.882,,,,
6777,06/17/16 08:00:00 PM,13.762,,,,
6778,06/17/16 08:15:00 PM,13.690,,,,
6779,06/17/16 08:30:00 PM,13.690,,,,
6780,06/17/16 08:45:00 PM,13.666,,,,
6781,06/17/16 09:00:00 PM,13.618,,,,
6782,06/17/16 09:15:00 PM,13.594,,,,
6783,06/17/16 09:30:00 PM,13.570,,,,
6784,06/17/16 09:45:00 PM,13.522,,,,
6785,06/17/16 10:00:00 PM,13.497,,,,
6786,06/17/16 10:15:00 PM,13.497,,,,
6787,06/17/16 10:30:00 PM,13.473,,,,
6788,06/17/16 10:45:00 PM,13.449,,,,
6789,06/17/16 11:00:00 PM,13.425,,,,
6790,06/17/16 11:15:00 PM,13.401,,,,
6791,06/17/16 11:30:00 PM,13.401,,,,
6792,06/17/16 11:45:00 PM,13.401,,,,
6793,06/18/16 12:00:00 AM,13.401,,,,
6794,06/18/16 12:15:00 AM,13.377,,,,
6795,06/18/16 12:30:00 AM,13.353,,,,
6796,06/18/16 12:45:00 AM,13.353,,,,
6797,06/18/16 01:00:00 AM,13.329,,,,
6798,06/18/16 01:15:00 AM,13.305,,,,
6799,06/18/16 01:30:00 AM,13.233,,,,
6800,06/18/16 01:45:00 AM,13.257,,,,
6801,06/18/16 02:00:00 AM,13.137,,,,
6802,06/18/16 02:15:00 AM,13.161,,,,
6803,06/18/16 02:30:00 AM,13.185,,,,
6804,06/18/16 02:45:00 AM,12.558,,,,
6805,06/18/16 03:00:00 AM,12.727,,,,
6806,06/18/16 03:15:00 AM,12.654,,,,
6807,06/18/16 03:30:00 AM,12.509,,,,
6808,06/18/16 03:45:00 AM,12.050,,,,
6809,06/18/16 04:00:00 AM,11.467,,,,
6810,06/18/16 04:15:00 AM,11.419,,,,
6811,06/18/16 04:30:00 AM,10.785,,,,
6812,06/18/16 04:45:00 AM,10.394,,,,
6813,06/18/16 05:00:00 AM,10.345,,,,
6814,06/18/16 05:15:00 AM,10.173,,,,
6815,06/18/16 05:30:00 AM,10.198,,,,
6816,06/18/16 05:45:00 AM,10.369,,,,
6817,06/18/16 06:00:00 AM,10.320,,,,
6818,06/18/16 06:15:00 AM,10.614,,,,
6819,06/18/16 06:30:00 AM,10.761,,,,
6820,06/18/16 06:45:00 AM,10.883,,,,
6821,06/18/16 07:00:00 AM,11.443,,,,
6822,06/18/16 07:15:00 AM,13.522,,,,
6823,06/18/16 07:30:00 AM,16.082,,,,
6824,06/18/16 07:45:00 AM,14.697,,,,
6825,06/18/16 08:00:00 AM,15.509,,,,
6826,06/18/16 08:15:00 AM,15.294,,,,
6827,06/18/16 08:30:00 AM,15.223,,,,
6828,06/18/16 08:45:00 AM,13.642,,,,
6829,06/18/16 09:00:00 AM,13.257,,,,
6830,06/18/16 09:15:00 AM,13.088,,,,
6831,06/18/16 09:30:00 AM,12.799,,,,
6832,06/18/16 09:45:00 AM,12.920,,,,
6833,06/18/16 10:00:00 AM,12.823,,,,
6834,06/18/16 10:15:00 AM,13.353,,,,
6835,06/18/16 10:30:00 AM,14.002,,,,
6836,06/18/16 10:45:00 AM,13.594,,,,
6837,06/18/16 11:00:00 AM,14.984,,,,
6838,06/18/16 11:15:00 AM,13.690,,,,
6839,06/18/16 11:30:00 AM,13.810,,,,
6840,06/18/16 11:45:00 AM,13.714,,,,
6841,06/18/16 12:00:00 PM,14.026,,,,
6842,06/18/16 12:15:00 PM,13.954,,,,
6843,06/18/16 12:30:00 PM,14.146,,,,
6844,06/18/16 12:45:00 PM,14.385,,,,
6845,06/18/16 01:00:00 PM,14.194,,,,
6846,06/18/16 01:15:00 PM,14.242,,,,
6847,06/18/16 01:30:00 PM,14.553,,,,
6848,06/18/16 01:45:00 PM,14.673,,,,
6849,06/18/16 02:00:00 PM,14.792,,,,
6850,06/18/16 02:15:00 PM,14.385,,,,
6851,06/18/16 02:30:00 PM,14.768,,,,
6852,06/18/16 02:45:00 PM,15.366,,,,
6853,06/18/16 03:00:00 PM,15.485,,,,
6854,06/18/16 03:15:00 PM,15.270,,,,
6855,06/18/16 03:30:00 PM,16.368,,,,
6856,06/18/16 03:45:00 PM,16.320,,,,
6857,06/18/16 04:00:00 PM,16.201,,,,
6858,06/18/16 04:15:00 PM,16.511,,,,
6859,06/18/16 04:30:00 PM,17.534,,,,
6860,06/18/16 04:45:00 PM,17.582,,,,
6861,06/18/16 05:00:00 PM,16.773,,,,
6862,06/18/16 05:15:00 PM,16.606,,,,
6863,06/18/16 05:30:00 PM,18.366,,,,
6864,06/18/16 05:45:00 PM,19.175,,,,
6865,06/18/16 06:00:00 PM,17.320,,,,
6866,06/18/16 06:15:00 PM,19.960,,,,
6867,06/18/16 06:30:00 PM,18.438,,,,
6868,06/18/16 06:45:00 PM,17.082,,,,
6869,06/18/16 07:00:00 PM,18.414,,,,
6870,06/18/16 07:15:00 PM,17.677,,,,
6871,06/18/16 07:30:00 PM,16.820,,,,
6872,06/18/16 07:45:00 PM,14.745,,,,
6873,06/18/16 08:00:00 PM,14.361,,,,
6874,06/18/16 08:15:00 PM,14.122,,,,
6875,06/18/16 08:30:00 PM,14.314,,,,
6876,06/18/16 08:45:00 PM,14.170,,,,
6877,06/18/16 09:00:00 PM,14.194,,,,
6878,06/18/16 09:15:00 PM,14.146,,,,
6879,06/18/16 09:30:00 PM,14.122,,,,
6880,06/18/16 09:45:00 PM,14.122,,,,
6881,06/18/16 10:00:00 PM,14.122,,,,
6882,06/18/16 10:15:00 PM,14.098,,,,
6883,06/18/16 10:30:00 PM,14.098,,,,
6884,06/18/16 10:45:00 PM,14.098,,,,
6885,06/18/16 11:00:00 PM,14.098,,,,
6886,06/18/16 11:15:00 PM,14.098,,,,
6887,06/18/16 11:30:00 PM,14.098,,,,
6888,06/18/16 11:45:00 PM,14.098,,,,
6889,06/19/16 12:00:00 AM,14.098,,,,
6890,06/19/16 12:15:00 AM,14.074,,,,
6891,06/19/16 12:30:00 AM,14.050,,,,
6892,06/19/16 12:45:00 AM,14.026,,,,
6893,06/19/16 01:00:00 AM,14.002,,,,
6894,06/19/16 01:15:00 AM,13.978,,,,
6895,06/19/16 01:30:00 AM,13.978,,,,
6896,06/19/16 01:45:00 AM,13.762,,,,
6897,06/19/16 02:00:00 AM,13.473,,,,
6898,06/19/16 02:15:00 AM,13.522,,,,
6899,06/19/16 02:30:00 AM,13.594,,,,
6900,06/19/16 02:45:00 AM,12.001,,,,
6901,06/19/16 03:00:00 AM,12.968,,,,
6902,06/19/16 03:15:00 AM,12.944,,,,
6903,06/19/16 03:30:00 AM,11.419,,,,
6904,06/19/16 03:45:00 AM,10.492,,,,
6905,06/19/16 04:00:00 AM,10.345,,,,
6906,06/19/16 04:15:00 AM,9.262,,,,
6907,06/19/16 04:30:00 AM,9.064,,,,
6908,06/19/16 04:45:00 AM,8.742,,,,
6909,06/19/16 05:00:00 AM,8.643,,,,
6910,06/19/16 05:15:00 AM,8.469,,,,
6911,06/19/16 05:30:00 AM,8.767,,,,
6912,06/19/16 05:45:00 AM,8.444,,,,
6913,06/19/16 06:00:00 AM,8.916,,,,
6914,06/19/16 06:15:00 AM,8.767,,,,
6915,06/19/16 06:30:00 AM,8.916,,,,
6916,06/19/16 06:45:00 AM,10.369,,,,
6917,06/19/16 07:00:00 AM,12.582,,,,
6918,06/19/16 07:15:00 AM,14.026,,,,
6919,06/19/16 07:30:00 AM,14.864,,,,
6920,06/19/16 07:45:00 AM,16.106,,,,
6921,06/19/16 08:00:00 AM,16.820,,,,
6922,06/19/16 08:15:00 AM,18.557,,,,
6923,06/19/16 08:30:00 AM,18.723,,,,
6924,06/19/16 08:45:00 AM,17.986,,,,
6925,06/19/16 09:00:00 AM,18.913,,,,
6926,06/19/16 09:15:00 AM,18.057,,,,
6927,06/19/16 09:30:00 AM,19.888,,,,
6928,06/19/16 09:45:00 AM,17.391,,,,
6929,06/19/16 10:00:00 AM,17.819,,,,
6930,06/19/16 10:15:00 AM,16.487,,,,
6931,06/19/16 10:30:00 AM,16.558,,,,
6932,06/19/16 10:45:00 AM,15.485,,,,
6933,06/19/16 11:00:00 AM,15.461,,,,
6934,06/19/16 11:15:00 AM,15.151,,,,
6935,06/19/16 11:30:00 AM,14.768,,,,
6936,06/19/16 11:45:00 AM,15.151,,,,
6937,06/19/16 12:00:00 PM,14.601,,,,
6938,06/19/16 12:15:00 PM,14.433,,,,
6939,06/19/16 12:30:00 PM,14.768,,,,
6940,06/19/16 12:45:00 PM,15.175,,,,
6941,06/19/16 01:00:00 PM,14.673,,,,
6942,06/19/16 01:15:00 PM,15.127,,,,
6943,06/19/16 01:30:00 PM,14.768,,,,
6944,06/19/16 01:45:00 PM,15.318,,,,
6945,06/19/16 02:00:00 PM,15.008,,,,
6946,06/19/16 02:15:00 PM,15.175,,,,
6947,06/19/16 02:30:00 PM,15.247,,,,
6948,06/19/16 02:45:00 PM,15.676,,,,
6949,06/19/16 03:00:00 PM,15.867,,,,
6950,06/19/16 03:15:00 PM,16.201,,,,
6951,06/19/16 03:30:00 PM,16.106,,,,
6952,06/19/16 03:45:00 PM,16.129,,,,
6953,06/19/16 04:00:00 PM,16.630,,,,
6954,06/19/16 04:15:00 PM,16.296,,,,
6955,06/19/16 04:30:00 PM,16.749,,,,
6956,06/19/16 04:45:00 PM,16.415,,,,
6957,06/19/16 05:00:00 PM,16.368,,,,
6958,06/19/16 05:15:00 PM,16.511,,,,
6959,06/19/16 05:30:00 PM,16.439,,,,
6960,06/19/16 05:45:00 PM,16.630,,,,
6961,06/19/16 06:00:00 PM,16.129,,,,
6962,06/19/16 06:15:00 PM,15.557,,,,
6963,06/19/16 06:30:00 PM,15.414,,,,
6964,06/19/16 06:45:00 PM,15.533,,,,
6965,06/19/16 07:00:00 PM,15.031,,,,
6966,06/19/16 07:15:00 PM,15.151,,,,
6967,06/19/16 07:30:00 PM,15.079,,,,
6968,06/19/16 07:45:00 PM,14.721,,,,
6969,06/19/16 08:00:00 PM,14.721,,,,
6970,06/19/16 08:15:00 PM,14.697,,,,
6971,06/19/16 08:30:00 PM,14.625,,,,
6972,06/19/16 08:45:00 PM,14.457,,,,
6973,06/19/16 09:00:00 PM,14.433,,,,
6974,06/19/16 09:15:00 PM,14.457,,,,
6975,06/19/16 09:30:00 PM,14.337,,,,
6976,06/19/16 09:45:00 PM,14.361,,,,
6977,06/19/16 10:00:00 PM,14.314,,,,
6978,06/19/16 10:15:00 PM,14.290,,,,
6979,06/19/16 10:30:00 PM,14.146,,,,
6980,06/19/16 10:45:00 PM,14.098,,,,
6981,06/19/16 11:00:00 PM,14.050,,,,
6982,06/19/16 11:15:00 PM,14.050,,,,
6983,06/19/16 11:30:00 PM,14.026,,,,
6984,06/19/16 11:45:00 PM,13.906,,,,
6985,06/20/16 12:00:00 AM,13.930,,,,
6986,06/20/16 12:15:00 AM,13.834,,,,
6987,06/20/16 12:30:00 AM,13.834,,,,
6988,06/20/16 12:45:00 AM,13.762,,,,
6989,06/20/16 01:00:00 AM,13.690,,,,
6990,06/20/16 01:15:00 AM,13.642,,,,
6991,06/20/16 01:30:00 AM,13.546,,,,
6992,06/20/16 01:45:00 AM,13.497,,,,
6993,06/20/16 02:00:00 AM,13.257,,,,
6994,06/20/16 02:15:00 AM,13.257,,,,
6995,06/20/16 02:30:00 AM,13.064,,,,
6996,06/20/16 02:45:00 AM,12.968,,,,
6997,06/20/16 03:00:00 AM,12.799,,,,
6998,06/20/16 03:15:00 AM,12.606,,,,
6999,06/20/16 03:30:00 AM,12.437,,,,
7000,06/20/16 03:45:00 AM,12.389,,,,
7001,06/20/16 04:00:00 AM,12.316,,,,
7002,06/20/16 04:15:00 AM,12.316,,,,
7003,06/20/16 04:30:00 AM,12.389,,,,
7004,06/20/16 04:45:00 AM,12.437,,,,
7005,06/20/16 05:00:00 AM,12.534,,,,
7006,06/20/16 05:15:00 AM,12.606,,,,
7007,06/20/16 05:30:00 AM,12.630,,,,
7008,06/20/16 05:45:00 AM,12.678,,,,
7009,06/20/16 06:00:00 AM,12.823,,,,
7010,06/20/16 06:15:00 AM,12.944,,,,
7011,06/20/16 06:30:00 AM,13.088,,,,
7012,06/20/16 06:45:00 AM,13.329,,,,
7013,06/20/16 07:00:00 AM,13.425,,,,
7014,06/20/16 07:15:00 AM,13.594,,,,
7015,06/20/16 07:30:00 AM,13.522,,,,
7016,06/20/16 07:45:00 AM,13.546,,,,
7017,06/20/16 08:00:00 AM,13.810,,,,
7018,06/20/16 08:15:00 AM,14.122,,,,
7019,06/20/16 08:30:00 AM,14.194,,,,
7020,06/20/16 08:45:00 AM,14.433,,,,
7021,06/20/16 09:00:00 AM,14.577,,,,
7022,06/20/16 09:15:00 AM,14.792,,,,
7023,06/20/16 09:30:00 AM,16.225,,,,
7024,06/20/16 09:45:00 AM,15.366,,,,
7025,06/20/16 10:00:00 AM,14.266,,,,
7026,06/20/16 10:15:00 AM,13.786,,,,
7027,06/20/16 10:30:00 AM,13.642,,,,
7028,06/20/16 10:45:00 AM,13.016,,,,
7029,06/20/16 11:00:00 AM,12.775,,,,
7030,06/20/16 11:15:00 AM,12.219,,,,
7031,06/20/16 11:30:00 AM,12.558,,,,
7032,06/20/16 11:45:00 AM,12.292,,,,
7033,06/20/16 12:00:00 PM,12.292,,,,
7034,06/20/16 12:15:00 PM,12.195,,,,
7035,06/20/16 12:30:00 PM,12.243,,,,
7036,06/20/16 12:45:00 PM,12.340,,,,
7037,06/20/16 01:00:00 PM,12.364,,,,
7038,06/20/16 01:15:00 PM,12.389,,,,
7039,06/20/16 01:30:00 PM,12.461,,,,
7040,06/20/16 01:45:00 PM,12.461,,,,
7041,06/20/16 02:00:00 PM,12.558,,,,
7042,06/20/16 02:15:00 PM,12.534,,,,
7043,06/20/16 02:30:00 PM,12.534,,,,
7044,06/20/16 02:45:00 PM,12.703,,,,
7045,06/20/16 03:00:00 PM,12.534,,,,
7046,06/20/16 03:15:00 PM,12.968,,,,
7047,06/20/16 03:30:00 PM,13.112,,,,
7048,06/20/16 03:45:00 PM,13.978,,,,
7049,06/20/16 04:00:00 PM,14.098,,,,
7050,06/20/16 04:15:00 PM,13.810,,,,
7051,06/20/16 04:30:00 PM,13.858,,,,
7052,06/20/16 04:45:00 PM,14.816,,,,
7053,06/20/16 05:00:00 PM,13.810,,,,
7054,06/20/16 05:15:00 PM,14.122,,,,
7055,06/20/16 05:30:00 PM,14.242,,,,
7056,06/20/16 05:45:00 PM,14.529,,,,
7057,06/20/16 06:00:00 PM,16.487,,,,
7058,06/20/16 06:15:00 PM,16.344,,,,
7059,06/20/16 06:30:00 PM,17.796,,,,
7060,06/20/16 06:45:00 PM,17.653,,,,
7061,06/20/16 07:00:00 PM,16.654,,,,
7062,06/20/16 07:15:00 PM,15.915,,,,
7063,06/20/16 07:30:00 PM,15.127,,,,
7064,06/20/16 07:45:00 PM,13.786,,,,
7065,06/20/16 08:00:00 PM,13.353,,,,
7066,06/20/16 08:15:00 PM,13.185,,,,
7067,06/20/16 08:30:00 PM,12.968,,,,
7068,06/20/16 08:45:00 PM,12.944,,,,
7069,06/20/16 09:00:00 PM,12.847,,,,
7070,06/20/16 09:15:00 PM,12.775,,,,
7071,06/20/16 09:30:00 PM,12.751,,,,
7072,06/20/16 09:45:00 PM,12.799,,,,
7073,06/20/16 10:00:00 PM,12.799,,,,
7074,06/20/16 10:15:00 PM,12.751,,,,
7075,06/20/16 10:30:00 PM,12.654,,,,
7076,06/20/16 10:45:00 PM,12.485,,,,
7077,06/20/16 11:00:00 PM,12.147,,,,
7078,06/20/16 11:15:00 PM,11.370,,,,
7079,06/20/16 11:30:00 PM,11.005,,,,
7080,06/20/16 11:45:00 PM,10.980,,,,
7081,06/21/16 12:00:00 AM,11.151,,,,
7082,06/21/16 12:15:00 AM,11.175,,,,
7083,06/21/16 12:30:00 AM,11.346,,,,
7084,06/21/16 12:45:00 AM,11.273,,,,
7085,06/21/16 01:00:00 AM,11.297,,,,
7086,06/21/16 01:15:00 AM,11.248,,,,
7087,06/21/16 01:30:00 AM,11.321,,,,
7088,06/21/16 01:45:00 AM,11.370,,,,
7089,06/21/16 02:00:00 AM,11.370,,,,
7090,06/21/16 02:15:00 AM,11.370,,,,
7091,06/21/16 02:30:00 AM,11.346,,,,
7092,06/21/16 02:45:00 AM,11.321,,,,
7093,06/21/16 03:00:00 AM,11.346,,,,
7094,06/21/16 03:15:00 AM,11.346,,,,
7095,06/21/16 03:30:00 AM,11.321,,,,
7096,06/21/16 03:45:00 AM,11.370,,,,
7097,06/21/16 04:00:00 AM,11.419,,,,
7098,06/21/16 04:15:00 AM,11.516,,,,
7099,06/21/16 04:30:00 AM,11.540,,,,
7100,06/21/16 04:45:00 AM,11.565,,,,
7101,06/21/16 05:00:00 AM,11.565,,,,
7102,06/21/16 05:15:00 AM,11.613,,,,
7103,06/21/16 05:30:00 AM,11.589,,,,
7104,06/21/16 05:45:00 AM,11.783,,,,
7105,06/21/16 06:00:00 AM,11.904,,,,
7106,06/21/16 06:15:00 AM,11.856,,,,
7107,06/21/16 06:30:00 AM,12.001,,,,
7108,06/21/16 06:45:00 AM,12.534,,,,
7109,06/21/16 07:00:00 AM,13.257,,,,
7110,06/21/16 07:15:00 AM,13.257,,,,
7111,06/21/16 07:30:00 AM,13.906,,,,
7112,06/21/16 07:45:00 AM,16.225,,,,
7113,06/21/16 08:00:00 AM,15.748,,,,
7114,06/21/16 08:15:00 AM,14.960,,,,
7115,06/21/16 08:30:00 AM,15.796,,,,
7116,06/21/16 08:45:00 AM,17.391,,,,
7117,06/21/16 09:00:00 AM,18.319,,,,
7118,06/21/16 09:15:00 AM,21.079,,,,
7119,06/21/16 09:30:00 AM,23.569,,,,
7120,06/21/16 09:45:00 AM,21.915,,,,
7121,06/21/16 10:00:00 AM,20.436,,,,
7122,06/21/16 10:15:00 AM,21.056,,,,
7123,06/21/16 10:30:00 AM,21.461,,,,
7124,06/21/16 10:45:00 AM,20.889,,,,
7125,06/21/16 11:00:00 AM,23.665,,,,
7126,06/21/16 11:15:00 AM,23.304,,,,
7127,06/21/16 11:30:00 AM,23.833,,,,
7128,06/21/16 11:45:00 AM,19.151,,,,
7129,06/21/16 12:00:00 PM,19.032,,,,
7130,06/21/16 12:15:00 PM,14.601,,,,
7131,06/21/16 12:30:00 PM,13.281,,,,
7132,06/21/16 12:45:00 PM,12.896,,,,
7133,06/21/16 01:00:00 PM,12.364,,,,
7134,06/21/16 01:15:00 PM,12.461,,,,
7135,06/21/16 01:30:00 PM,12.316,,,,
7136,06/21/16 01:45:00 PM,12.437,,,,
7137,06/21/16 02:00:00 PM,12.437,,,,
7138,06/21/16 02:15:00 PM,12.558,,,,
7139,06/21/16 02:30:00 PM,12.654,,,,
7140,06/21/16 02:45:00 PM,12.944,,,,
7141,06/21/16 03:00:00 PM,13.257,,,,
7142,06/21/16 03:15:00 PM,13.449,,,,
7143,06/21/16 03:30:00 PM,13.570,,,,
7144,06/21/16 03:45:00 PM,13.714,,,,
7145,06/21/16 04:00:00 PM,14.026,,,,
7146,06/21/16 04:15:00 PM,14.290,,,,
7147,06/21/16 04:30:00 PM,14.433,,,,
7148,06/21/16 04:45:00 PM,14.840,,,,
7149,06/21/16 05:00:00 PM,14.625,,,,
7150,06/21/16 05:15:00 PM,14.625,,,,
7151,06/21/16 05:30:00 PM,14.792,,,,
7152,06/21/16 05:45:00 PM,15.031,,,,
7153,06/21/16 06:00:00 PM,15.414,,,,
7154,06/21/16 06:15:00 PM,16.058,,,,
7155,06/21/16 06:30:00 PM,14.673,,,,
7156,06/21/16 06:45:00 PM,15.509,,,,
7157,06/21/16 07:00:00 PM,14.745,,,,
7158,06/21/16 07:15:00 PM,15.031,,,,
7159,06/21/16 07:30:00 PM,14.170,,,,
7160,06/21/16 07:45:00 PM,13.690,,,,
7161,06/21/16 08:00:00 PM,13.329,,,,
7162,06/21/16 08:15:00 PM,13.377,,,,
7163,06/21/16 08:30:00 PM,13.161,,,,
7164,06/21/16 08:45:00 PM,13.088,,,,
7165,06/21/16 09:00:00 PM,13.040,,,,
7166,06/21/16 09:15:00 PM,13.016,,,,
7167,06/21/16 09:30:00 PM,12.799,,,,
7168,06/21/16 09:45:00 PM,12.799,,,,
7169,06/21/16 10:00:00 PM,12.799,,,,
7170,06/21/16 10:15:00 PM,12.727,,,,
7171,06/21/16 10:30:00 PM,12.606,,,,
7172,06/21/16 10:45:00 PM,12.558,,,,
7173,06/21/16 11:00:00 PM,12.582,,,,
7174,06/21/16 11:15:00 PM,12.558,,,,
7175,06/21/16 11:30:00 PM,12.509,,,,
7176,06/21/16 11:45:00 PM,12.461,,,,
7177,06/22/16 12:00:00 AM,12.437,,,,
7178,06/22/16 12:15:00 AM,12.437,,,,
7179,06/22/16 12:30:00 AM,12.389,,,,
7180,06/22/16 12:45:00 AM,12.389,,,,
7181,06/22/16 01:00:00 AM,12.364,,,,
7182,06/22/16 01:15:00 AM,12.219,,,,
7183,06/22/16 01:30:00 AM,12.147,,,,
7184,06/22/16 01:45:00 AM,12.098,,,,
7185,06/22/16 02:00:00 AM,11.953,,,,
7186,06/22/16 02:15:00 AM,11.953,,,,
7187,06/22/16 02:30:00 AM,11.904,,,,
7188,06/22/16 02:45:00 AM,11.832,,,,
7189,06/22/16 03:00:00 AM,11.783,,,,
7190,06/22/16 03:15:00 AM,11.759,,,,
7191,06/22/16 03:30:00 AM,11.662,,,,
7192,06/22/16 03:45:00 AM,11.419,,,,
7193,06/22/16 04:00:00 AM,11.297,,,,
7194,06/22/16 04:15:00 AM,10.932,,,,
7195,06/22/16 04:30:00 AM,10.858,,,,
7196,06/22/16 04:45:00 AM,10.663,,,,
7197,06/22/16 05:00:00 AM,10.492,,,,
7198,06/22/16 05:15:00 AM,10.369,,,,
7199,06/22/16 05:30:00 AM,10.345,,,,
7200,06/22/16 05:45:00 AM,10.320,,,,
7201,06/22/16 06:00:00 AM,10.663,,,,
7202,06/22/16 06:15:00 AM,10.541,,,,
7203,06/22/16 06:30:00 AM,10.687,,,,
7204,06/22/16 06:45:00 AM,11.492,,,,
7205,06/22/16 07:00:00 AM,12.968,,,,
7206,06/22/16 07:15:00 AM,14.050,,,,
7207,06/22/16 07:30:00 AM,14.050,,,,
7208,06/22/16 07:45:00 AM,14.457,,,,
7209,06/22/16 08:00:00 AM,14.433,,,,
7210,06/22/16 08:15:00 AM,15.986,,,,
7211,06/22/16 08:30:00 AM,16.963,,,,
7212,06/22/16 08:45:00 AM,17.582,,,,
7213,06/22/16 09:00:00 AM,17.938,,,,
7214,06/22/16 09:15:00 AM,19.413,,,,
7215,06/22/16 09:30:00 AM,18.961,,,,
7216,06/22/16 09:45:00 AM,19.294,,,,
7217,06/22/16 10:00:00 AM,20.531,,,,
7218,06/22/16 10:15:00 AM,21.485,,,,
7219,06/22/16 10:30:00 AM,22.106,,,,
7220,06/22/16 10:45:00 AM,23.617,,,,
7221,06/22/16 11:00:00 AM,24.653,,,,
7222,06/22/16 11:15:00 AM,24.098,,,,
7223,06/22/16 11:30:00 AM,19.246,,,,
7224,06/22/16 11:45:00 AM,19.746,,,,
7225,06/22/16 12:00:00 PM,18.604,,,,
7226,06/22/16 12:15:00 PM,15.915,,,,
7227,06/22/16 12:30:00 PM,14.888,,,,
7228,06/22/16 12:45:00 PM,15.127,,,,
7229,06/22/16 01:00:00 PM,14.721,,,,
7230,06/22/16 01:15:00 PM,13.954,,,,
7231,06/22/16 01:30:00 PM,13.064,,,,
7232,06/22/16 01:45:00 PM,12.050,,,,
7233,06/22/16 02:00:00 PM,11.710,,,,
7234,06/22/16 02:15:00 PM,11.783,,,,
7235,06/22/16 02:30:00 PM,11.516,,,,
7236,06/22/16 02:45:00 PM,11.200,,,,
7237,06/22/16 03:00:00 PM,11.078,,,,
7238,06/22/16 03:15:00 PM,11.029,,,,
7239,06/22/16 03:30:00 PM,11.467,,,,
7240,06/22/16 03:45:00 PM,11.273,,,,
7241,06/22/16 04:00:00 PM,11.516,,,,
7242,06/22/16 04:15:00 PM,12.074,,,,
7243,06/22/16 04:30:00 PM,12.389,,,,
7244,06/22/16 04:45:00 PM,12.630,,,,
7245,06/22/16 05:00:00 PM,13.546,,,,
7246,06/22/16 05:15:00 PM,14.864,,,,
7247,06/22/16 05:30:00 PM,16.892,,,,
7248,06/22/16 05:45:00 PM,15.223,,,,
7249,06/22/16 06:00:00 PM,20.460,,,,
7250,06/22/16 06:15:00 PM,15.963,,,,
7251,06/22/16 06:30:00 PM,16.725,,,,
7252,06/22/16 06:45:00 PM,18.081,,,,
7253,06/22/16 07:00:00 PM,13.954,,,,
7254,06/22/16 07:15:00 PM,13.810,,,,
7255,06/22/16 07:30:00 PM,13.473,,,,
7256,06/22/16 07:45:00 PM,13.377,,,,
7257,06/22/16 08:00:00 PM,13.257,,,,
7258,06/22/16 08:15:00 PM,12.823,,,,
7259,06/22/16 08:30:00 PM,12.654,,,,
7260,06/22/16 08:45:00 PM,12.413,,,,
7261,06/22/16 09:00:00 PM,12.268,,,,
7262,06/22/16 09:15:00 PM,12.147,,,,
7263,06/22/16 09:30:00 PM,12.001,,,,
7264,06/22/16 09:45:00 PM,11.904,,,,
7265,06/22/16 10:00:00 PM,11.953,,,,
7266,06/22/16 10:15:00 PM,11.880,,,,
7267,06/22/16 10:30:00 PM,11.832,,,,
7268,06/22/16 10:45:00 PM,11.904,,,,
7269,06/22/16 11:00:00 PM,11.832,,,,
7270,06/22/16 11:15:00 PM,11.662,,,,
7271,06/22/16 11:30:00 PM,11.637,,,,
7272,06/22/16 11:45:00 PM,11.637,,,,
7273,06/23/16 12:00:00 AM,11.637,,,,
7274,06/23/16 12:15:00 AM,11.492,,,,
7275,06/23/16 12:30:00 AM,11.370,,,,
7276,06/23/16 12:45:00 AM,11.321,,,,
7277,06/23/16 01:00:00 AM,11.297,,,,
7278,06/23/16 01:15:00 AM,11.248,,,,
7279,06/23/16 01:30:00 AM,11.175,,,,
7280,06/23/16 01:45:00 AM,11.029,,,,
7281,06/23/16 02:00:00 AM,10.980,,,,
7282,06/23/16 02:15:00 AM,11.005,,,,
7283,06/23/16 02:30:00 AM,10.980,,,,
7284,06/23/16 02:45:00 AM,10.907,,,,
7285,06/23/16 03:00:00 AM,10.834,,,,
7286,06/23/16 03:15:00 AM,10.834,,,,
7287,06/23/16 03:30:00 AM,10.810,,,,
7288,06/23/16 03:45:00 AM,10.858,,,,
7289,06/23/16 04:00:00 AM,10.834,,,,
7290,06/23/16 04:15:00 AM,10.907,,,,
7291,06/23/16 04:30:00 AM,11.443,,,,
7292,06/23/16 04:45:00 AM,11.394,,,,
7293,06/23/16 05:00:00 AM,11.419,,,,
7294,06/23/16 05:15:00 AM,11.394,,,,
7295,06/23/16 05:30:00 AM,11.346,,,,
7296,06/23/16 05:45:00 AM,11.589,,,,
7297,06/23/16 06:00:00 AM,12.485,,,,
7298,06/23/16 06:15:00 AM,12.678,,,,
7299,06/23/16 06:30:00 AM,12.944,,,,
7300,06/23/16 06:45:00 AM,13.088,,,,
7301,06/23/16 07:00:00 AM,13.281,,,,
7302,06/23/16 07:15:00 AM,13.449,,,,
7303,06/23/16 07:30:00 AM,13.401,,,,
7304,06/23/16 07:45:00 AM,13.497,,,,
7305,06/23/16 08:00:00 AM,13.690,,,,
7306,06/23/16 08:15:00 AM,13.618,,,,
7307,06/23/16 08:30:00 AM,13.546,,,,
7308,06/23/16 08:45:00 AM,13.642,,,,
7309,06/23/16 09:00:00 AM,13.834,,,,
7310,06/23/16 09:15:00 AM,13.522,,,,
7311,06/23/16 09:30:00 AM,13.329,,,,
7312,06/23/16 09:45:00 AM,13.088,,,,
7313,06/23/16 10:00:00 AM,13.257,,,,
7314,06/23/16 10:15:00 AM,12.944,,,,
7315,06/23/16 10:30:00 AM,13.401,,,,
7316,06/23/16 10:45:00 AM,14.433,,,,
7317,06/23/16 11:00:00 AM,14.409,,,,
7318,06/23/16 11:15:00 AM,14.266,,,,
7319,06/23/16 11:30:00 AM,14.194,,,,
7320,06/23/16 11:45:00 AM,13.858,,,,
7321,06/23/16 12:00:00 PM,12.727,,,,
7322,06/23/16 12:15:00 PM,12.823,,,,
7323,06/23/16 12:30:00 PM,12.871,,,,
7324,06/23/16 12:45:00 PM,12.968,,,,
7325,06/23/16 01:00:00 PM,12.413,,,,
7326,06/23/16 01:15:00 PM,12.364,,,,
7327,06/23/16 01:30:00 PM,12.171,,,,
7328,06/23/16 01:45:00 PM,12.050,,,,
7329,06/23/16 02:00:00 PM,12.050,,,,
7330,06/23/16 02:15:00 PM,12.025,,,,
7331,06/23/16 02:30:00 PM,12.025,,,,
7332,06/23/16 02:45:00 PM,12.025,,,,
7333,06/23/16 03:00:00 PM,12.001,,,,
7334,06/23/16 03:15:00 PM,11.977,,,,
7335,06/23/16 03:30:00 PM,12.001,,,,
7336,06/23/16 03:45:00 PM,12.001,,,,
7337,06/23/16 04:00:00 PM,11.977,,,,
7338,06/23/16 04:15:00 PM,12.050,,,,
7339,06/23/16 04:30:00 PM,12.050,,,,
7340,06/23/16 04:45:00 PM,12.098,,,,
7341,06/23/16 05:00:00 PM,12.340,,,,
7342,06/23/16 05:15:00 PM,12.219,,,,
7343,06/23/16 05:30:00 PM,12.147,,,,
7344,06/23/16 05:45:00 PM,12.389,,,,
7345,06/23/16 06:00:00 PM,12.171,,,,
7346,06/23/16 06:15:00 PM,12.292,,,,
7347,06/23/16 06:30:00 PM,12.509,,,,
7348,06/23/16 06:45:00 PM,12.920,,,,
7349,06/23/16 07:00:00 PM,12.437,,,,
7350,06/23/16 07:15:00 PM,12.485,,,,
7351,06/23/16 07:30:00 PM,12.268,,,,
7352,06/23/16 07:45:00 PM,12.243,,,,
7353,06/23/16 08:00:00 PM,12.243,,,,
7354,06/23/16 08:15:00 PM,12.461,,,,
7355,06/23/16 08:30:00 PM,12.243,,,,
7356,06/23/16 08:45:00 PM,12.219,,,,
7357,06/23/16 09:00:00 PM,12.122,,,,
7358,06/23/16 09:15:00 PM,12.122,,,,
7359,06/23/16 09:30:00 PM,12.098,,,,
7360,06/23/16 09:45:00 PM,12.122,,,,
7361,06/23/16 10:00:00 PM,12.171,,,,
7362,06/23/16 10:15:00 PM,12.171,,,,
7363,06/23/16 10:30:00 PM,12.147,,,,
7364,06/23/16 10:45:00 PM,12.219,,,,
7365,06/23/16 11:00:00 PM,12.171,,,,
7366,06/23/16 11:15:00 PM,12.195,,,,
7367,06/23/16 11:30:00 PM,12.195,,,,
7368,06/23/16 11:45:00 PM,12.195,,,,
7369,06/24/16 12:00:00 AM,12.219,,,,
7370,06/24/16 12:15:00 AM,12.219,,,,
7371,06/24/16 12:30:00 AM,12.219,,,,
7372,06/24/16 12:45:00 AM,12.243,,,,
7373,06/24/16 01:00:00 AM,12.243,,,,
7374,06/24/16 01:15:00 AM,12.195,,,,
7375,06/24/16 01:30:00 AM,12.195,,,,
7376,06/24/16 01:45:00 AM,12.147,,,,
7377,06/24/16 02:00:00 AM,12.147,,,,
7378,06/24/16 02:15:00 AM,12.122,,,,
7379,06/24/16 02:30:00 AM,12.122,,,,
7380,06/24/16 02:45:00 AM,12.122,,,,
7381,06/24/16 03:00:00 AM,12.122,,,,
7382,06/24/16 03:15:00 AM,12.147,,,,
7383,06/24/16 03:30:00 AM,12.171,,,,
7384,06/24/16 03:45:00 AM,12.171,,,,
7385,06/24/16 04:00:00 AM,12.147,,,,
7386,06/24/16 04:15:00 AM,12.122,,,,
7387,06/24/16 04:30:00 AM,12.098,,,,
7388,06/24/16 04:45:00 AM,12.074,,,,
7389,06/24/16 05:00:00 AM,12.025,,,,
7390,06/24/16 05:15:00 AM,11.977,,,,
7391,06/24/16 05:30:00 AM,11.904,,,,
7392,06/24/16 05:45:00 AM,11.832,,,,
7393,06/24/16 06:00:00 AM,11.904,,,,
7394,06/24/16 06:15:00 AM,11.953,,,,
7395,06/24/16 06:30:00 AM,12.025,,,,
7396,06/24/16 06:45:00 AM,12.074,,,,
7397,06/24/16 07:00:00 AM,12.968,,,,
7398,06/24/16 07:15:00 AM,12.896,,,,
7399,06/24/16 07:30:00 AM,13.810,,,,
7400,06/24/16 07:45:00 AM,17.534,,,,
7401,06/24/16 08:00:00 AM,18.937,,,,
7402,06/24/16 08:15:00 AM,17.201,,,,
7403,06/24/16 08:30:00 AM,17.558,,,,
7404,06/24/16 08:45:00 AM,17.296,,,,
7405,06/24/16 09:00:00 AM,19.603,,,,
7406,06/24/16 09:15:00 AM,21.795,,,,
7407,06/24/16 09:30:00 AM,22.609,,,,
7408,06/24/16 09:45:00 AM,23.232,,,,
7409,06/24/16 10:00:00 AM,23.593,,,,
7410,06/24/16 10:15:00 AM,23.665,,,,
7411,06/24/16 10:30:00 AM,23.737,,,,
7412,06/24/16 10:45:00 AM,24.315,,,,
7413,06/24/16 11:00:00 AM,25.162,,,,
7414,06/24/16 11:15:00 AM,26.329,,,,
7415,06/24/16 11:30:00 AM,27.875,,,,
7416,06/24/16 11:45:00 AM,28.444,,,,
7417,06/24/16 12:00:00 PM,27.481,,,,
7418,06/24/16 12:15:00 PM,22.274,,,,
7419,06/24/16 12:30:00 PM,20.507,,,,
7420,06/24/16 12:45:00 PM,17.915,,,,
7421,06/24/16 01:00:00 PM,14.984,,,,
7422,06/24/16 01:15:00 PM,14.697,,,,
7423,06/24/16 01:30:00 PM,14.170,,,,
7424,06/24/16 01:45:00 PM,14.409,,,,
7425,06/24/16 02:00:00 PM,14.242,,,,
7426,06/24/16 02:15:00 PM,14.074,,,,
7427,06/24/16 02:30:00 PM,14.098,,,,
7428,06/24/16 02:45:00 PM,13.930,,,,
7429,06/24/16 03:00:00 PM,14.050,,,,
7430,06/24/16 03:15:00 PM,13.858,,,,
7431,06/24/16 03:30:00 PM,13.930,,,,
7432,06/24/16 03:45:00 PM,13.834,,,,
7433,06/24/16 04:00:00 PM,13.882,,,,
7434,06/24/16 04:15:00 PM,13.858,,,,
7435,06/24/16 04:30:00 PM,13.618,,,,
7436,06/24/16 04:45:00 PM,13.425,,,,
7437,06/24/16 05:00:00 PM,13.449,,,,
7438,06/24/16 05:15:00 PM,13.353,,,,
7439,06/24/16 05:30:00 PM,13.401,,,,
7440,06/24/16 05:45:00 PM,13.401,,,,
7441,06/24/16 06:00:00 PM,14.026,,,,
7442,06/24/16 06:15:00 PM,13.425,,,,
7443,06/24/16 06:30:00 PM,13.546,,,,
7444,06/24/16 06:45:00 PM,13.185,,,,
7445,06/24/16 07:00:00 PM,13.112,,,,
7446,06/24/16 07:15:00 PM,12.871,,,,
7447,06/24/16 07:30:00 PM,12.823,,,,
7448,06/24/16 07:45:00 PM,12.775,,,,
7449,06/24/16 08:00:00 PM,12.678,,,,
7450,06/24/16 08:15:00 PM,12.678,,,,
7451,06/24/16 08:30:00 PM,12.582,,,,
7452,06/24/16 08:45:00 PM,12.437,,,,
7453,06/24/16 09:00:00 PM,12.413,,,,
7454,06/24/16 09:15:00 PM,12.413,,,,
7455,06/24/16 09:30:00 PM,12.389,,,,
7456,06/24/16 09:45:00 PM,12.461,,,,
7457,06/24/16 10:00:00 PM,12.340,,,,
7458,06/24/16 10:15:00 PM,12.389,,,,
7459,06/24/16 10:30:00 PM,12.389,,,,
7460,06/24/16 10:45:00 PM,12.461,,,,
7461,06/24/16 11:00:00 PM,12.461,,,,
7462,06/24/16 11:15:00 PM,12.364,,,,
7463,06/24/16 11:30:00 PM,12.485,,,,
7464,06/24/16 11:45:00 PM,12.389,,,,
7465,06/25/16 12:00:00 AM,12.340,,,,
7466,06/25/16 12:15:00 AM,12.316,,,,
7467,06/25/16 12:30:00 AM,12.340,,,,
7468,06/25/16 12:45:00 AM,12.316,,,,
7469,06/25/16 01:00:00 AM,12.316,,,,
7470,06/25/16 01:15:00 AM,12.316,,,,
7471,06/25/16 01:30:00 AM,12.292,,,,
7472,06/25/16 01:45:00 AM,12.268,,,,
7473,06/25/16 02:00:00 AM,12.268,,,,
7474,06/25/16 02:15:00 AM,12.268,,,,
7475,06/25/16 02:30:00 AM,12.292,,,,
7476,06/25/16 02:45:00 AM,12.316,,,,
7477,06/25/16 03:00:00 AM,12.340,,,,
7478,06/25/16 03:15:00 AM,12.292,,,,
7479,06/25/16 03:30:00 AM,12.268,,,,
7480,06/25/16 03:45:00 AM,12.292,,,,
7481,06/25/16 04:00:00 AM,12.268,,,,
7482,06/25/16 04:15:00 AM,12.268,,,,
7483,06/25/16 04:30:00 AM,12.268,,,,
7484,06/25/16 04:45:00 AM,12.292,,,,
7485,06/25/16 05:00:00 AM,12.316,,,,
7486,06/25/16 05:15:00 AM,12.340,,,,
7487,06/25/16 05:30:00 AM,12.316,,,,
7488,06/25/16 05:45:00 AM,12.316,,,,
7489,06/25/16 06:00:00 AM,12.316,,,,
7490,06/25/16 06:15:00 AM,12.243,,,,
7491,06/25/16 06:30:00 AM,12.316,,,,
7492,06/25/16 06:45:00 AM,12.219,,,,
7493,06/25/16 07:00:00 AM,12.292,,,,
7494,06/25/16 07:15:00 AM,12.630,,,,
7495,06/25/16 07:30:00 AM,13.353,,,,
7496,06/25/16 07:45:00 AM,14.960,,,,
7497,06/25/16 08:00:00 AM,17.225,,,,
7498,06/25/16 08:15:00 AM,18.033,,,,
7499,06/25/16 08:30:00 AM,18.913,,,,
7500,06/25/16 08:45:00 AM,18.271,,,,
7501,06/25/16 09:00:00 AM,18.794,,,,
7502,06/25/16 09:15:00 AM,19.222,,,,
7503,06/25/16 09:30:00 AM,20.103,,,,
7504,06/25/16 09:45:00 AM,21.079,,,,
7505,06/25/16 10:00:00 AM,21.843,,,,
7506,06/25/16 10:15:00 AM,22.848,,,,
7507,06/25/16 10:30:00 AM,23.424,,,,
7508,06/25/16 10:45:00 AM,23.954,,,,
7509,06/25/16 11:00:00 AM,24.026,,,,
7510,06/25/16 11:15:00 AM,23.954,,,,
7511,06/25/16 11:30:00 AM,23.424,,,,
7512,06/25/16 11:45:00 AM,23.424,,,,
7513,06/25/16 12:00:00 PM,21.963,,,,
7514,06/25/16 12:15:00 PM,18.176,,,,
7515,06/25/16 12:30:00 PM,18.152,,,,
7516,06/25/16 12:45:00 PM,16.796,,,,
7517,06/25/16 01:00:00 PM,15.438,,,,
7518,06/25/16 01:15:00 PM,15.986,,,,
7519,06/25/16 01:30:00 PM,14.170,,,,
7520,06/25/16 01:45:00 PM,13.858,,,,
7521,06/25/16 02:00:00 PM,13.834,,,,
7522,06/25/16 02:15:00 PM,14.002,,,,
7523,06/25/16 02:30:00 PM,14.098,,,,
7524,06/25/16 02:45:00 PM,14.170,,,,
7525,06/25/16 03:00:00 PM,14.122,,,,
7526,06/25/16 03:15:00 PM,14.170,,,,
7527,06/25/16 03:30:00 PM,14.337,,,,
7528,06/25/16 03:45:00 PM,14.337,,,,
7529,06/25/16 04:00:00 PM,14.385,,,,
7530,06/25/16 04:15:00 PM,14.385,,,,
7531,06/25/16 04:30:00 PM,14.457,,,,
7532,06/25/16 04:45:00 PM,14.481,,,,
7533,06/25/16 05:00:00 PM,14.625,,,,
7534,06/25/16 05:15:00 PM,14.601,,,,
7535,06/25/16 05:30:00 PM,14.649,,,,
7536,06/25/16 05:45:00 PM,14.745,,,,
7537,06/25/16 06:00:00 PM,14.768,,,,
7538,06/25/16 06:15:00 PM,14.745,,,,
7539,06/25/16 06:30:00 PM,14.721,,,,
7540,06/25/16 06:45:00 PM,14.697,,,,
7541,06/25/16 07:00:00 PM,14.625,,,,
7542,06/25/16 07:15:00 PM,14.601,,,,
7543,06/25/16 07:30:00 PM,14.481,,,,
7544,06/25/16 07:45:00 PM,14.361,,,,
7545,06/25/16 08:00:00 PM,14.170,,,,
7546,06/25/16 08:15:00 PM,14.026,,,,
7547,06/25/16 08:30:00 PM,13.906,,,,
7548,06/25/16 08:45:00 PM,13.738,,,,
7549,06/25/16 09:00:00 PM,13.594,,,,
7550,06/25/16 09:15:00 PM,13.522,,,,
7551,06/25/16 09:30:00 PM,13.401,,,,
7552,06/25/16 09:45:00 PM,13.353,,,,
7553,06/25/16 10:00:00 PM,13.209,,,,
7554,06/25/16 10:15:00 PM,13.064,,,,
7555,06/25/16 10:30:00 PM,12.992,,,,
7556,06/25/16 10:45:00 PM,12.799,,,,
7557,06/25/16 11:00:00 PM,12.703,,,,
7558,06/25/16 11:15:00 PM,12.823,,,,
7559,06/25/16 11:30:00 PM,12.678,,,,
7560,06/25/16 11:45:00 PM,12.630,,,,
7561,06/26/16 12:00:00 AM,12.678,,,,
7562,06/26/16 12:15:00 AM,12.727,,,,
7563,06/26/16 12:30:00 AM,12.727,,,,
7564,06/26/16 12:45:00 AM,12.727,,,,
7565,06/26/16 01:00:00 AM,12.678,,,,
7566,06/26/16 01:15:00 AM,12.678,,,,
7567,06/26/16 01:30:00 AM,12.630,,,,
7568,06/26/16 01:45:00 AM,12.678,,,,
7569,06/26/16 02:00:00 AM,12.630,,,,
7570,06/26/16 02:15:00 AM,12.558,,,,
7571,06/26/16 02:30:00 AM,12.485,,,,
7572,06/26/16 02:45:00 AM,12.413,,,,
7573,06/26/16 03:00:00 AM,12.316,,,,
7574,06/26/16 03:15:00 AM,12.171,,,,
7575,06/26/16 03:30:00 AM,12.074,,,,
7576,06/26/16 03:45:00 AM,11.929,,,,
7577,06/26/16 04:00:00 AM,11.953,,,,
7578,06/26/16 04:15:00 AM,11.807,,,,
7579,06/26/16 04:30:00 AM,11.759,,,,
7580,06/26/16 04:45:00 AM,11.783,,,,
7581,06/26/16 05:00:00 AM,11.686,,,,
7582,06/26/16 05:15:00 AM,11.540,,,,
7583,06/26/16 05:30:00 AM,11.394,,,,
7584,06/26/16 05:45:00 AM,11.297,,,,
7585,06/26/16 06:00:00 AM,11.200,,,,
7586,06/26/16 06:15:00 AM,11.078,,,,
7587,06/26/16 06:30:00 AM,10.932,,,,
7588,06/26/16 06:45:00 AM,10.956,,,,
7589,06/26/16 07:00:00 AM,11.005,,,,
7590,06/26/16 07:15:00 AM,10.858,,,,
7591,06/26/16 07:30:00 AM,10.883,,,,
7592,06/26/16 07:45:00 AM,10.761,,,,
7593,06/26/16 08:00:00 AM,10.785,,,,
7594,06/26/16 08:15:00 AM,11.053,,,,
7595,06/26/16 08:30:00 AM,11.783,,,,
7596,06/26/16 08:45:00 AM,13.112,,,,
7597,06/26/16 09:00:00 AM,13.040,,,,
7598,06/26/16 09:15:00 AM,12.751,,,,
7599,06/26/16 09:30:00 AM,13.690,,,,
7600,06/26/16 09:45:00 AM,14.074,,,,
7601,06/26/16 10:00:00 AM,14.481,,,,
7602,06/26/16 10:15:00 AM,15.079,,,,
7603,06/26/16 10:30:00 AM,15.533,,,,
7604,06/26/16 10:45:00 AM,15.748,,,,
7605,06/26/16 11:00:00 AM,16.892,,,,
7606,06/26/16 11:15:00 AM,17.486,,,,
7607,06/26/16 11:30:00 AM,17.986,,,,
7608,06/26/16 11:45:00 AM,18.723,,,,
7609,06/26/16 12:00:00 PM,18.889,,,,
7610,06/26/16 12:15:00 PM,17.201,,,,
7611,06/26/16 12:30:00 PM,17.249,,,,
7612,06/26/16 12:45:00 PM,17.106,,,,
7613,06/26/16 01:00:00 PM,16.939,,,,
7614,06/26/16 01:15:00 PM,15.031,,,,
7615,06/26/16 01:30:00 PM,14.481,,,,
7616,06/26/16 01:45:00 PM,13.546,,,,
7617,06/26/16 02:00:00 PM,13.016,,,,
7618,06/26/16 02:15:00 PM,12.582,,,,
7619,06/26/16 02:30:00 PM,12.219,,,,
7620,06/26/16 02:45:00 PM,12.050,,,,
7621,06/26/16 03:00:00 PM,12.195,,,,
7622,06/26/16 03:15:00 PM,12.292,,,,
7623,06/26/16 03:30:00 PM,12.122,,,,
7624,06/26/16 03:45:00 PM,12.074,,,,
7625,06/26/16 04:00:00 PM,12.171,,,,
7626,06/26/16 04:15:00 PM,12.195,,,,
7627,06/26/16 04:30:00 PM,12.219,,,,
7628,06/26/16 04:45:00 PM,12.122,,,,
7629,06/26/16 05:00:00 PM,12.122,,,,
7630,06/26/16 05:15:00 PM,11.977,,,,
7631,06/26/16 05:30:00 PM,11.856,,,,
7632,06/26/16 05:45:00 PM,11.807,,,,
7633,06/26/16 06:00:00 PM,11.710,,,,
7634,06/26/16 06:15:00 PM,11.613,,,,
7635,06/26/16 06:30:00 PM,11.516,,,,
7636,06/26/16 06:45:00 PM,11.443,,,,
7637,06/26/16 07:00:00 PM,11.297,,,,
7638,06/26/16 07:15:00 PM,11.224,,,,
7639,06/26/16 07:30:00 PM,11.200,,,,
7640,06/26/16 07:45:00 PM,11.053,,,,
7641,06/26/16 08:00:00 PM,11.175,,,,
7642,06/26/16 08:15:00 PM,11.005,,,,
7643,06/26/16 08:30:00 PM,11.005,,,,
7644,06/26/16 08:45:00 PM,11.005,,,,
7645,06/26/16 09:00:00 PM,10.761,,,,
7646,06/26/16 09:15:00 PM,10.932,,,,
7647,06/26/16 09:30:00 PM,10.883,,,,
7648,06/26/16 09:45:00 PM,10.712,,,,
7649,06/26/16 10:00:00 PM,10.712,,,,
7650,06/26/16 10:15:00 PM,10.785,,,,
7651,06/26/16 10:30:00 PM,11.127,,,,
7652,06/26/16 10:45:00 PM,10.883,,,,
7653,06/26/16 11:00:00 PM,11.224,,,,
7654,06/26/16 11:15:00 PM,10.785,,,,
7655,06/26/16 11:30:00 PM,10.785,,,,
7656,06/26/16 11:45:00 PM,10.907,,,,
7657,06/27/16 12:00:00 AM,10.858,,,,
7658,06/27/16 12:15:00 AM,10.761,,,,
7659,06/27/16 12:30:00 AM,10.932,,,,
7660,06/27/16 12:45:00 AM,10.516,,,,
7661,06/27/16 01:00:00 AM,10.614,,,,
7662,06/27/16 01:15:00 AM,10.394,,,,
7663,06/27/16 01:30:00 AM,10.467,,,,
7664,06/27/16 01:45:00 AM,10.247,,,,
7665,06/27/16 02:00:00 AM,10.124,,,,
7666,06/27/16 02:15:00 AM,10.124,,,,
7667,06/27/16 02:30:00 AM,10.369,,,,
7668,06/27/16 02:45:00 AM,10.296,,,,
7669,06/27/16 03:00:00 AM,10.173,,,,
7670,06/27/16 03:15:00 AM,10.173,,,,
7671,06/27/16 03:30:00 AM,10.198,,,,
7672,06/27/16 03:45:00 AM,10.198,,,,
7673,06/27/16 04:00:00 AM,10.198,,,,
7674,06/27/16 04:15:00 AM,10.222,,,,
7675,06/27/16 04:30:00 AM,10.271,,,,
7676,06/27/16 04:45:00 AM,10.296,,,,
7677,06/27/16 05:00:00 AM,10.320,,,,
7678,06/27/16 05:15:00 AM,10.320,,,,
7679,06/27/16 05:30:00 AM,10.345,,,,
7680,06/27/16 05:45:00 AM,10.345,,,,
7681,06/27/16 06:00:00 AM,10.394,,,,
7682,06/27/16 06:15:00 AM,10.394,,,,
7683,06/27/16 06:30:00 AM,10.369,,,,
7684,06/27/16 06:45:00 AM,10.394,,,,
7685,06/27/16 07:00:00 AM,10.394,,,,
7686,06/27/16 07:15:00 AM,10.418,,,,
7687,06/27/16 07:30:00 AM,10.467,,,,
7688,06/27/16 07:45:00 AM,10.565,,,,
7689,06/27/16 08:00:00 AM,10.565,,,,
7690,06/27/16 08:15:00 AM,10.590,,,,
7691,06/27/16 08:30:00 AM,10.687,,,,
7692,06/27/16 08:45:00 AM,10.785,,,,
7693,06/27/16 09:00:00 AM,10.834,,,,
7694,06/27/16 09:15:00 AM,11.273,,,,
7695,06/27/16 09:30:00 AM,11.783,,,,
7696,06/27/16 09:45:00 AM,12.389,,,,
7697,06/27/16 10:00:00 AM,13.353,,,,
7698,06/27/16 10:15:00 AM,13.738,,,,
7699,06/27/16 10:30:00 AM,14.433,,,,
7700,06/27/16 10:45:00 AM,13.714,,,,
7701,06/27/16 11:00:00 AM,14.912,,,,
7702,06/27/16 11:15:00 AM,14.697,,,,
7703,06/27/16 11:30:00 AM,14.984,,,,
7704,06/27/16 11:45:00 AM,15.509,,,,
7705,06/27/16 12:00:00 PM,15.318,,,,
7706,06/27/16 12:15:00 PM,15.772,,,,
7707,06/27/16 12:30:00 PM,16.963,,,,
7708,06/27/16 12:45:00 PM,17.034,,,,
7709,06/27/16 01:00:00 PM,16.344,,,,
7710,06/27/16 01:15:00 PM,14.984,,,,
7711,06/27/16 01:30:00 PM,14.625,,,,
7712,06/27/16 01:45:00 PM,14.242,,,,
7713,06/27/16 02:00:00 PM,13.834,,,,
7714,06/27/16 02:15:00 PM,13.088,,,,
7715,06/27/16 02:30:00 PM,12.316,,,,
7716,06/27/16 02:45:00 PM,12.558,,,,
7717,06/27/16 03:00:00 PM,11.662,,,,
7718,06/27/16 03:15:00 PM,12.001,,,,
7719,06/27/16 03:30:00 PM,11.662,,,,
7720,06/27/16 03:45:00 PM,11.492,,,,
7721,06/27/16 04:00:00 PM,11.419,,,,
7722,06/27/16 04:15:00 PM,11.321,,,,
7723,06/27/16 04:30:00 PM,11.346,,,,
7724,06/27/16 04:45:00 PM,11.370,,,,
7725,06/27/16 05:00:00 PM,11.297,,,,
7726,06/27/16 05:15:00 PM,11.273,,,,
7727,06/27/16 05:30:00 PM,11.297,,,,
7728,06/27/16 05:45:00 PM,11.273,,,,
7729,06/27/16 06:00:00 PM,11.273,,,,
7730,06/27/16 06:15:00 PM,11.224,,,,
7731,06/27/16 06:30:00 PM,11.248,,,,
7732,06/27/16 06:45:00 PM,11.273,,,,
7733,06/27/16 07:00:00 PM,11.248,,,,
7734,06/27/16 07:15:00 PM,11.200,,,,
7735,06/27/16 07:30:00 PM,11.175,,,,
7736,06/27/16 07:45:00 PM,11.297,,,,
7737,06/27/16 08:00:00 PM,11.321,,,,
7738,06/27/16 08:15:00 PM,11.297,,,,
7739,06/27/16 08:30:00 PM,11.297,,,,
7740,06/27/16 08:45:00 PM,11.297,,,,
7741,06/27/16 09:00:00 PM,11.273,,,,
7742,06/27/16 09:15:00 PM,11.175,,,,
7743,06/27/16 09:30:00 PM,11.005,,,,
7744,06/27/16 09:45:00 PM,10.810,,,,
7745,06/27/16 10:00:00 PM,10.785,,,,
7746,06/27/16 10:15:00 PM,10.663,,,,
7747,06/27/16 10:30:00 PM,10.687,,,,
7748,06/27/16 10:45:00 PM,11.127,,,,
7749,06/27/16 11:00:00 PM,10.467,,,,
7750,06/27/16 11:15:00 PM,10.590,,,,
7751,06/27/16 11:30:00 PM,10.761,,,,
7752,06/27/16 11:45:00 PM,11.102,,,,
7753,06/28/16 12:00:00 AM,11.029,,,,
7754,06/28/16 12:15:00 AM,10.980,,,,
7755,06/28/16 12:30:00 AM,10.761,,,,
7756,06/28/16 12:45:00 AM,10.858,,,,
7757,06/28/16 01:00:00 AM,11.053,,,,
7758,06/28/16 01:15:00 AM,11.005,,,,
7759,06/28/16 01:30:00 AM,11.078,,,,
7760,06/28/16 01:45:00 AM,10.956,,,,
7761,06/28/16 02:00:00 AM,11.029,,,,
7762,06/28/16 02:15:00 AM,10.736,,,,
7763,06/28/16 02:30:00 AM,10.810,,,,
7764,06/28/16 02:45:00 AM,10.858,,,,
7765,06/28/16 03:00:00 AM,10.394,,,,
7766,06/28/16 03:15:00 AM,10.516,,,,
7767,06/28/16 03:30:00 AM,10.345,,,,
7768,06/28/16 03:45:00 AM,10.320,,,,
7769,06/28/16 04:00:00 AM,10.369,,,,
7770,06/28/16 04:15:00 AM,10.345,,,,
7771,06/28/16 04:30:00 AM,10.296,,,,
7772,06/28/16 04:45:00 AM,10.369,,,,
7773,06/28/16 05:00:00 AM,10.345,,,,
7774,06/28/16 05:15:00 AM,10.345,,,,
7775,06/28/16 05:30:00 AM,10.369,,,,
7776,06/28/16 05:45:00 AM,10.369,,,,
7777,06/28/16 06:00:00 AM,10.394,,,,
7778,06/28/16 06:15:00 AM,10.394,,,,
7779,06/28/16 06:30:00 AM,10.369,,,,
7780,06/28/16 06:45:00 AM,10.369,,,,
7781,06/28/16 07:00:00 AM,10.320,,,,
7782,06/28/16 07:15:00 AM,10.394,,,,
7783,06/28/16 07:30:00 AM,10.345,,,,
7784,06/28/16 07:45:00 AM,10.394,,,,
7785,06/28/16 08:00:00 AM,10.369,,,,
7786,06/28/16 08:15:00 AM,10.394,,,,
7787,06/28/16 08:30:00 AM,10.443,,,,
7788,06/28/16 08:45:00 AM,10.394,,,,
7789,06/28/16 09:00:00 AM,10.614,,,,
7790,06/28/16 09:15:00 AM,10.541,,,,
7791,06/28/16 09:30:00 AM,10.590,,,,
7792,06/28/16 09:45:00 AM,10.834,,,,
7793,06/28/16 10:00:00 AM,10.785,,,,
7794,06/28/16 10:15:00 AM,11.102,,,,
7795,06/28/16 10:30:00 AM,12.461,,,,
7796,06/28/16 10:45:00 AM,13.425,,,,
7797,06/28/16 11:00:00 AM,12.292,,,,
7798,06/28/16 11:15:00 AM,13.401,,,,
7799,06/28/16 11:30:00 AM,14.960,,,,
7800,06/28/16 11:45:00 AM,15.294,,,,
7801,06/28/16 12:00:00 PM,15.796,,,,
7802,06/28/16 12:15:00 PM,16.487,,,,
7803,06/28/16 12:30:00 PM,16.820,,,,
7804,06/28/16 12:45:00 PM,17.701,,,,
7805,06/28/16 01:00:00 PM,17.748,,,,
7806,06/28/16 01:15:00 PM,17.843,,,,
7807,06/28/16 01:30:00 PM,18.033,,,,
7808,06/28/16 01:45:00 PM,18.224,,,,
7809,06/28/16 02:00:00 PM,18.081,,,,
7810,06/28/16 02:15:00 PM,18.176,,,,
7811,06/28/16 02:30:00 PM,17.938,,,,
7812,06/28/16 02:45:00 PM,14.960,,,,
7813,06/28/16 03:00:00 PM,15.031,,,,
7814,06/28/16 03:15:00 PM,14.170,,,,
7815,06/28/16 03:30:00 PM,13.930,,,,
7816,06/28/16 03:45:00 PM,13.281,,,,
7817,06/28/16 04:00:00 PM,12.509,,,,
7818,06/28/16 04:15:00 PM,12.171,,,,
7819,06/28/16 04:30:00 PM,12.389,,,,
7820,06/28/16 04:45:00 PM,12.122,,,,
7821,06/28/16 05:00:00 PM,12.025,,,,
7822,06/28/16 05:15:00 PM,11.953,,,,
7823,06/28/16 05:30:00 PM,11.637,,,,
7824,06/28/16 05:45:00 PM,11.710,,,,
7825,06/28/16 06:00:00 PM,11.759,,,,
7826,06/28/16 06:15:00 PM,11.662,,,,
7827,06/28/16 06:30:00 PM,11.637,,,,
7828,06/28/16 06:45:00 PM,11.516,,,,
7829,06/28/16 07:00:00 PM,11.565,,,,
7830,06/28/16 07:15:00 PM,11.540,,,,
7831,06/28/16 07:30:00 PM,11.540,,,,
7832,06/28/16 07:45:00 PM,11.394,,,,
7833,06/28/16 08:00:00 PM,11.419,,,,
7834,06/28/16 08:15:00 PM,11.394,,,,
7835,06/28/16 08:30:00 PM,11.370,,,,
7836,06/28/16 08:45:00 PM,11.273,,,,
7837,06/28/16 09:00:00 PM,11.175,,,,
7838,06/28/16 09:15:00 PM,11.151,,,,
7839,06/28/16 09:30:00 PM,11.005,,,,
7840,06/28/16 09:45:00 PM,10.785,,,,
7841,06/28/16 10:00:00 PM,10.614,,,,
7842,06/28/16 10:15:00 PM,10.492,,,,
7843,06/28/16 10:30:00 PM,10.443,,,,
7844,06/28/16 10:45:00 PM,10.271,,,,
7845,06/28/16 11:00:00 PM,10.222,,,,
7846,06/28/16 11:15:00 PM,10.320,,,,
7847,06/28/16 11:30:00 PM,10.369,,,,
7848,06/28/16 11:45:00 PM,10.492,,,,
7849,06/29/16 12:00:00 AM,10.663,,,,
7850,06/29/16 12:15:00 AM,10.467,,,,
7851,06/29/16 12:30:00 AM,10.590,,,,
7852,06/29/16 12:45:00 AM,10.785,,,,
7853,06/29/16 01:00:00 AM,10.516,,,,
7854,06/29/16 01:15:00 AM,10.663,,,,
7855,06/29/16 01:30:00 AM,10.638,,,,
7856,06/29/16 01:45:00 AM,10.883,,,,
7857,06/29/16 02:00:00 AM,10.956,,,,
7858,06/29/16 02:15:00 AM,10.907,,,,
7859,06/29/16 02:30:00 AM,10.834,,,,
7860,06/29/16 02:45:00 AM,11.029,,,,
7861,06/29/16 03:00:00 AM,11.224,,,,
7862,06/29/16 03:15:00 AM,11.370,,,,
7863,06/29/16 03:30:00 AM,11.029,,,,
7864,06/29/16 03:45:00 AM,11.078,,,,
7865,06/29/16 04:00:00 AM,10.565,,,,
7866,06/29/16 04:15:00 AM,10.883,,,,
7867,06/29/16 04:30:00 AM,10.638,,,,
7868,06/29/16 04:45:00 AM,10.124,,,,
7869,06/29/16 05:00:00 AM,9.731,,,,
7870,06/29/16 05:15:00 AM,9.928,,,,
7871,06/29/16 05:30:00 AM,9.509,,,,
7872,06/29/16 05:45:00 AM,9.485,,,,
7873,06/29/16 06:00:00 AM,9.410,,,,
7874,06/29/16 06:15:00 AM,9.410,,,,
7875,06/29/16 06:30:00 AM,9.336,,,,
7876,06/29/16 06:45:00 AM,9.336,,,,
7877,06/29/16 07:00:00 AM,9.410,,,,
7878,06/29/16 07:15:00 AM,9.386,,,,
7879,06/29/16 07:30:00 AM,9.435,,,,
7880,06/29/16 07:45:00 AM,9.460,,,,
7881,06/29/16 08:00:00 AM,9.534,,,,
7882,06/29/16 08:15:00 AM,9.534,,,,
7883,06/29/16 08:30:00 AM,9.657,,,,
7884,06/29/16 08:45:00 AM,9.608,,,,
7885,06/29/16 09:00:00 AM,9.632,,,,
7886,06/29/16 09:15:00 AM,9.682,,,,
7887,06/29/16 09:30:00 AM,9.731,,,,
7888,06/29/16 09:45:00 AM,9.756,,,,
7889,06/29/16 10:00:00 AM,9.854,,,,
7890,06/29/16 10:15:00 AM,9.977,,,,
7891,06/29/16 10:30:00 AM,9.805,,,,
7892,06/29/16 10:45:00 AM,10.296,,,,
7893,06/29/16 11:00:00 AM,10.590,,,,
7894,06/29/16 11:15:00 AM,10.467,,,,
7895,06/29/16 11:30:00 AM,10.565,,,,
7896,06/29/16 11:45:00 AM,11.856,,,,
7897,06/29/16 12:00:00 PM,12.437,,,,
7898,06/29/16 12:15:00 PM,13.546,,,,
7899,06/29/16 12:30:00 PM,14.002,,,,
7900,06/29/16 12:45:00 PM,14.385,,,,
7901,06/29/16 01:00:00 PM,15.819,,,,
7902,06/29/16 01:15:00 PM,16.654,,,,
7903,06/29/16 01:30:00 PM,17.296,,,,
7904,06/29/16 01:45:00 PM,17.891,,,,
7905,06/29/16 02:00:00 PM,17.558,,,,
7906,06/29/16 02:15:00 PM,17.796,,,,
7907,06/29/16 02:30:00 PM,18.247,,,,
7908,06/29/16 02:45:00 PM,18.818,,,,
7909,06/29/16 03:00:00 PM,18.509,,,,
7910,06/29/16 03:15:00 PM,15.796,,,,
7911,06/29/16 03:30:00 PM,16.939,,,,
7912,06/29/16 03:45:00 PM,16.630,,,,
7913,06/29/16 04:00:00 PM,14.002,,,,
7914,06/29/16 04:15:00 PM,14.816,,,,
7915,06/29/16 04:30:00 PM,13.377,,,,
7916,06/29/16 04:45:00 PM,12.727,,,,
7917,06/29/16 05:00:00 PM,11.394,,,,
7918,06/29/16 05:15:00 PM,11.419,,,,
7919,06/29/16 05:30:00 PM,11.904,,,,
7920,06/29/16 05:45:00 PM,11.224,,,,
7921,06/29/16 06:00:00 PM,11.078,,,,
7922,06/29/16 06:15:00 PM,11.175,,,,
7923,06/29/16 06:30:00 PM,11.102,,,,
7924,06/29/16 06:45:00 PM,11.078,,,,
7925,06/29/16 07:00:00 PM,11.029,,,,
7926,06/29/16 07:15:00 PM,11.078,,,,
7927,06/29/16 07:30:00 PM,11.102,,,,
7928,06/29/16 07:45:00 PM,11.102,,,,
7929,06/29/16 08:00:00 PM,11.127,,,,
7930,06/29/16 08:15:00 PM,11.151,,,,
7931,06/29/16 08:30:00 PM,11.127,,,,
7932,06/29/16 08:45:00 PM,11.151,,,,
7933,06/29/16 09:00:00 PM,11.078,,,,
7934,06/29/16 09:15:00 PM,11.078,,,,
7935,06/29/16 09:30:00 PM,11.029,,,,
7936,06/29/16 09:45:00 PM,10.907,,,,
7937,06/29/16 10:00:00 PM,10.834,,,,
7938,06/29/16 10:15:00 PM,10.736,,,,
7939,06/29/16 10:30:00 PM,10.590,,,,
7940,06/29/16 10:45:00 PM,10.418,,,,
7941,06/29/16 11:00:00 PM,10.320,,,,
7942,06/29/16 11:15:00 PM,10.198,,,,
7943,06/29/16 11:30:00 PM,10.051,,,,
7944,06/29/16 11:45:00 PM,10.051,,,,
7945,06/30/16 12:00:00 AM,9.952,,,,
7946,06/30/16 12:15:00 AM,10.075,,,,
7947,06/30/16 12:30:00 AM,10.761,,,,
7948,06/30/16 12:45:00 AM,11.029,,,,
7949,06/30/16 01:00:00 AM,10.932,,,,
7950,06/30/16 01:15:00 AM,10.883,,,,
7951,06/30/16 01:30:00 AM,11.224,,,,
7952,06/30/16 01:45:00 AM,10.980,,,,
7953,06/30/16 02:00:00 AM,11.248,,,,
7954,06/30/16 02:15:00 AM,11.492,,,,
7955,06/30/16 02:30:00 AM,11.516,,,,
7956,06/30/16 02:45:00 AM,11.419,,,,
7957,06/30/16 03:00:00 AM,11.297,,,,
7958,06/30/16 03:15:00 AM,11.078,,,,
7959,06/30/16 03:30:00 AM,10.810,,,,
7960,06/30/16 03:45:00 AM,10.638,,,,
7961,06/30/16 04:00:00 AM,10.687,,,,
7962,06/30/16 04:15:00 AM,11.078,,,,
7963,06/30/16 04:30:00 AM,11.151,,,,
7964,06/30/16 04:45:00 AM,11.273,,,,
7965,06/30/16 05:00:00 AM,11.394,,,,
7966,06/30/16 05:15:00 AM,11.394,,,,
7967,06/30/16 05:30:00 AM,11.321,,,,
7968,06/30/16 05:45:00 AM,11.175,,,,
7969,06/30/16 06:00:00 AM,11.151,,,,
7970,06/30/16 06:15:00 AM,10.907,,,,
7971,06/30/16 06:30:00 AM,10.980,,,,
7972,06/30/16 06:45:00 AM,10.638,,,,
7973,06/30/16 07:00:00 AM,10.418,,,,
7974,06/30/16 07:15:00 AM,10.834,,,,
7975,06/30/16 07:30:00 AM,10.565,,,,
7976,06/30/16 07:45:00 AM,10.271,,,,
7977,06/30/16 08:00:00 AM,11.394,,,,
7978,06/30/16 08:15:00 AM,10.124,,,,
7979,06/30/16 08:30:00 AM,9.928,,,,
7980,06/30/16 08:45:00 AM,9.682,,,,
7981,06/30/16 09:00:00 AM,9.632,,,,
7982,06/30/16 09:15:00 AM,9.903,,,,
7983,06/30/16 09:30:00 AM,10.271,,,,
7984,06/30/16 09:45:00 AM,10.247,,,,
7985,06/30/16 10:00:00 AM,10.001,,,,
7986,06/30/16 10:15:00 AM,10.443,,,,
7987,06/30/16 10:30:00 AM,10.687,,,,
7988,06/30/16 10:45:00 AM,10.541,,,,
7989,06/30/16 11:00:00 AM,10.638,,,,
7990,06/30/16 11:15:00 AM,10.810,,,,
7991,06/30/16 11:30:00 AM,11.248,,,,
7992,06/30/16 11:45:00 AM,13.257,,,,
7993,06/30/16 12:00:00 PM,14.625,,,,
7994,06/30/16 12:15:00 PM,13.185,,,,
7995,06/30/16 12:30:00 PM,13.906,,,,
7996,06/30/16 12:45:00 PM,15.676,,,,
7997,06/30/16 01:00:00 PM,16.201,,,,
7998,06/30/16 01:15:00 PM,17.082,,,,
7999,06/30/16 01:30:00 PM,17.153,,,,
8000,06/30/16 01:45:00 PM,17.629,,,,
8001,06/30/16 02:00:00 PM,18.152,,,,
8002,06/30/16 02:15:00 PM,18.081,,,,
8003,06/30/16 02:30:00 PM,17.819,,,,
8004,06/30/16 02:45:00 PM,17.534,,,,
8005,06/30/16 03:00:00 PM,17.986,,,,
8006,06/30/16 03:15:00 PM,18.271,,,,
8007,06/30/16 03:30:00 PM,17.605,,,,
8008,06/30/16 03:45:00 PM,17.582,,,,
8009,06/30/16 04:00:00 PM,17.891,,,,
8010,06/30/16 04:15:00 PM,18.010,,,,
8011,06/30/16 04:30:00 PM,18.224,,,,
8012,06/30/16 04:45:00 PM,18.390,,,,
8013,06/30/16 05:00:00 PM,18.675,,,,
8014,06/30/16 05:15:00 PM,17.701,,,,
8015,06/30/16 05:30:00 PM,17.034,,,,
8016,06/30/16 05:45:00 PM,15.557,,,,
8017,06/30/16 06:00:00 PM,13.954,,,,
8018,06/30/16 06:15:00 PM,12.920,,,,
8019,06/30/16 06:30:00 PM,13.834,,,,
8020,06/30/16 06:45:00 PM,12.509,,,,
8021,06/30/16 07:00:00 PM,11.807,,,,
8022,06/30/16 07:15:00 PM,11.759,,,,
8023,06/30/16 07:30:00 PM,11.662,,,,
8024,06/30/16 07:45:00 PM,11.613,,,,
8025,06/30/16 08:00:00 PM,11.467,,,,
8026,06/30/16 08:15:00 PM,11.394,,,,
8027,06/30/16 08:30:00 PM,11.248,,,,
8028,06/30/16 08:45:00 PM,11.078,,,,
8029,06/30/16 09:00:00 PM,11.053,,,,
8030,06/30/16 09:15:00 PM,10.956,,,,
8031,06/30/16 09:30:00 PM,10.858,,,,
8032,06/30/16 09:45:00 PM,10.834,,,,
8033,06/30/16 10:00:00 PM,10.785,,,,
8034,06/30/16 10:15:00 PM,10.565,,,,
8035,06/30/16 10:30:00 PM,10.418,,,,
8036,06/30/16 10:45:00 PM,10.296,,,,
8037,06/30/16 11:00:00 PM,10.296,,,,
8038,06/30/16 11:15:00 PM,10.198,,,,
8039,06/30/16 11:30:00 PM,10.173,,,,
8040,06/30/16 11:45:00 PM,10.075,,,,
8041,07/01/16 12:00:00 AM,10.051,,,,
8042,07/01/16 12:15:00 AM,10.100,,,,
8043,07/01/16 12:30:00 AM,10.222,,,,
8044,07/01/16 12:45:00 AM,10.467,,,,
8045,07/01/16 01:00:00 AM,10.296,,,,
8046,07/01/16 01:15:00 AM,10.198,,,,
8047,07/01/16 01:30:00 AM,9.879,,,,
8048,07/01/16 01:45:00 AM,9.583,,,,
8049,07/01/16 02:00:00 AM,9.336,,,,
8050,07/01/16 02:15:00 AM,9.213,,,,
8051,07/01/16 02:30:00 AM,9.040,,,,
8052,07/01/16 02:45:00 AM,8.841,,,,
8053,07/01/16 03:00:00 AM,8.618,,,,
8054,07/01/16 03:15:00 AM,8.767,,,,
8055,07/01/16 03:30:00 AM,8.519,,,,
8056,07/01/16 03:45:00 AM,8.444,,,,
8057,07/01/16 04:00:00 AM,8.494,,,,
8058,07/01/16 04:15:00 AM,8.668,,,,
8059,07/01/16 04:30:00 AM,8.792,,,,
8060,07/01/16 04:45:00 AM,8.792,,,,
8061,07/01/16 05:00:00 AM,8.693,,,,
8062,07/01/16 05:15:00 AM,8.568,,,,
8063,07/01/16 05:30:00 AM,8.394,,,,
8064,07/01/16 05:45:00 AM,8.618,,,,
8065,07/01/16 06:00:00 AM,9.262,,,,
8066,07/01/16 06:15:00 AM,9.854,,,,
8067,07/01/16 06:30:00 AM,10.051,,,,
8068,07/01/16 06:45:00 AM,10.883,,,,
8069,07/01/16 07:00:00 AM,11.102,,,,
8070,07/01/16 07:15:00 AM,11.832,,,,
8071,07/01/16 07:30:00 AM,12.775,,,,
8072,07/01/16 07:45:00 AM,13.714,,,,
8073,07/01/16 08:00:00 AM,14.864,,,,
8074,07/01/16 08:15:00 AM,16.106,,,,
8075,07/01/16 08:30:00 AM,16.677,,,,
8076,07/01/16 08:45:00 AM,13.690,,,,
8077,07/01/16 09:00:00 AM,15.915,,,,
8078,07/01/16 09:15:00 AM,15.772,,,,
8079,07/01/16 09:30:00 AM,11.977,,,,
8080,07/01/16 09:45:00 AM,13.858,,,,
8081,07/01/16 10:00:00 AM,11.151,,,,
8082,07/01/16 10:15:00 AM,10.932,,,,
8083,07/01/16 10:30:00 AM,10.296,,,,
8084,07/01/16 10:45:00 AM,10.198,,,,
8085,07/01/16 11:00:00 AM,12.340,,,,
8086,07/01/16 11:15:00 AM,13.233,,,,
8087,07/01/16 11:30:00 AM,11.540,,,,
8088,07/01/16 11:45:00 AM,12.582,,,,
8089,07/01/16 12:00:00 PM,13.906,,,,
8090,07/01/16 12:15:00 PM,14.002,,,,
8091,07/01/16 12:30:00 PM,17.391,,,,
8092,07/01/16 12:45:00 PM,16.915,,,,
8093,07/01/16 01:00:00 PM,18.343,,,,
8094,07/01/16 01:15:00 PM,18.485,,,,
8095,07/01/16 01:30:00 PM,17.368,,,,
8096,07/01/16 01:45:00 PM,18.081,,,,
8097,07/01/16 02:00:00 PM,19.365,,,,
8098,07/01/16 02:15:00 PM,17.701,,,,
8099,07/01/16 02:30:00 PM,19.151,,,,
8100,07/01/16 02:45:00 PM,19.770,,,,
8101,07/01/16 03:00:00 PM,20.246,,,,
8102,07/01/16 03:15:00 PM,19.008,,,,
8103,07/01/16 03:30:00 PM,19.270,,,,
8104,07/01/16 03:45:00 PM,19.746,,,,
8105,07/01/16 04:00:00 PM,18.842,,,,
8106,07/01/16 04:15:00 PM,19.175,,,,
8107,07/01/16 04:30:00 PM,19.246,,,,
8108,07/01/16 04:45:00 PM,19.413,,,,
8109,07/01/16 05:00:00 PM,19.698,,,,
8110,07/01/16 05:15:00 PM,19.627,,,,
8111,07/01/16 05:30:00 PM,19.127,,,,
8112,07/01/16 05:45:00 PM,19.746,,,,
8113,07/01/16 06:00:00 PM,16.654,,,,
8114,07/01/16 06:15:00 PM,16.677,,,,
8115,07/01/16 06:30:00 PM,16.534,,,,
8116,07/01/16 06:45:00 PM,16.177,,,,
8117,07/01/16 07:00:00 PM,16.177,,,,
8118,07/01/16 07:15:00 PM,12.268,,,,
8119,07/01/16 07:30:00 PM,11.880,,,,
8120,07/01/16 07:45:00 PM,10.638,,,,
8121,07/01/16 08:00:00 PM,10.443,,,,
8122,07/01/16 08:15:00 PM,10.320,,,,
8123,07/01/16 08:30:00 PM,10.198,,,,
8124,07/01/16 08:45:00 PM,10.149,,,,
8125,07/01/16 09:00:00 PM,10.051,,,,
8126,07/01/16 09:15:00 PM,9.952,,,,
8127,07/01/16 09:30:00 PM,9.854,,,,
8128,07/01/16 09:45:00 PM,9.903,,,,
8129,07/01/16 10:00:00 PM,9.780,,,,
8130,07/01/16 10:15:00 PM,9.706,,,,
8131,07/01/16 10:30:00 PM,9.485,,,,
8132,07/01/16 10:45:00 PM,9.460,,,,
8133,07/01/16 11:00:00 PM,9.509,,,,
8134,07/01/16 11:15:00 PM,9.509,,,,
8135,07/01/16 11:30:00 PM,9.509,,,,
8136,07/01/16 11:45:00 PM,9.386,,,,
8137,07/02/16 12:00:00 AM,9.534,,,,
8138,07/02/16 12:15:00 AM,9.558,,,,
8139,07/02/16 12:30:00 AM,9.731,,,,
8140,07/02/16 12:45:00 AM,10.467,,,,
8141,07/02/16 01:00:00 AM,10.492,,,,
8142,07/02/16 01:15:00 AM,11.540,,,,
8143,07/02/16 01:30:00 AM,10.736,,,,
8144,07/02/16 01:45:00 AM,11.516,,,,
8145,07/02/16 02:00:00 AM,11.734,,,,
8146,07/02/16 02:15:00 AM,11.977,,,,
8147,07/02/16 02:30:00 AM,11.929,,,,
8148,07/02/16 02:45:00 AM,11.662,,,,
8149,07/02/16 03:00:00 AM,11.370,,,,
8150,07/02/16 03:15:00 AM,11.346,,,,
8151,07/02/16 03:30:00 AM,11.516,,,,
8152,07/02/16 03:45:00 AM,12.558,,,,
8153,07/02/16 04:00:00 AM,12.050,,,,
8154,07/02/16 04:15:00 AM,11.370,,,,
8155,07/02/16 04:30:00 AM,11.102,,,,
8156,07/02/16 04:45:00 AM,11.078,,,,
8157,07/02/16 05:00:00 AM,11.273,,,,
8158,07/02/16 05:15:00 AM,11.710,,,,
8159,07/02/16 05:30:00 AM,11.492,,,,
8160,07/02/16 05:45:00 AM,11.224,,,,
8161,07/02/16 06:00:00 AM,11.127,,,,
8162,07/02/16 06:15:00 AM,11.443,,,,
8163,07/02/16 06:30:00 AM,11.467,,,,
8164,07/02/16 06:45:00 AM,11.832,,,,
8165,07/02/16 07:00:00 AM,12.001,,,,
8166,07/02/16 07:15:00 AM,11.832,,,,
8167,07/02/16 07:30:00 AM,11.540,,,,
8168,07/02/16 07:45:00 AM,11.662,,,,
8169,07/02/16 08:00:00 AM,11.321,,,,
8170,07/02/16 08:15:00 AM,9.780,,,,
8171,07/02/16 08:30:00 AM,10.124,,,,
8172,07/02/16 08:45:00 AM,9.460,,,,
8173,07/02/16 09:00:00 AM,9.114,,,,
8174,07/02/16 09:15:00 AM,9.213,,,,
8175,07/02/16 09:30:00 AM,9.139,,,,
8176,07/02/16 09:45:00 AM,9.163,,,,
8177,07/02/16 10:00:00 AM,9.064,,,,
8178,07/02/16 10:15:00 AM,9.114,,,,
8179,07/02/16 10:30:00 AM,9.139,,,,
8180,07/02/16 10:45:00 AM,9.213,,,,
8181,07/02/16 11:00:00 AM,9.312,,,,
8182,07/02/16 11:15:00 AM,9.361,,,,
8183,07/02/16 11:30:00 AM,9.410,,,,
8184,07/02/16 11:45:00 AM,9.485,,,,
8185,07/02/16 12:00:00 PM,9.534,,,,
8186,07/02/16 12:15:00 PM,9.583,,,,
8187,07/02/16 12:30:00 PM,9.682,,,,
8188,07/02/16 12:45:00 PM,9.731,,,,
8189,07/02/16 01:00:00 PM,9.829,,,,
8190,07/02/16 01:15:00 PM,9.854,,,,
8191,07/02/16 01:30:00 PM,9.952,,,,
8192,07/02/16 01:45:00 PM,9.928,,,,
8193,07/02/16 02:00:00 PM,10.075,,,,
8194,07/02/16 02:15:00 PM,10.001,,,,
8195,07/02/16 02:30:00 PM,10.247,,,,
8196,07/02/16 02:45:00 PM,10.369,,,,
8197,07/02/16 03:00:00 PM,10.418,,,,
8198,07/02/16 03:15:00 PM,10.443,,,,
8199,07/02/16 03:30:00 PM,10.785,,,,
8200,07/02/16 03:45:00 PM,10.590,,,,
8201,07/02/16 04:00:00 PM,11.321,,,,
8202,07/02/16 04:15:00 PM,11.273,,,,
8203,07/02/16 04:30:00 PM,11.686,,,,
8204,07/02/16 04:45:00 PM,11.589,,,,
8205,07/02/16 05:00:00 PM,12.364,,,,
8206,07/02/16 05:15:00 PM,12.195,,,,
8207,07/02/16 05:30:00 PM,12.678,,,,
8208,07/02/16 05:45:00 PM,11.151,,,,
8209,07/02/16 06:00:00 PM,11.565,,,,
8210,07/02/16 06:15:00 PM,10.565,,,,
8211,07/02/16 06:30:00 PM,10.565,,,,
8212,07/02/16 06:45:00 PM,10.467,,,,
8213,07/02/16 07:00:00 PM,10.173,,,,
8214,07/02/16 07:15:00 PM,10.001,,,,
8215,07/02/16 07:30:00 PM,9.928,,,,
8216,07/02/16 07:45:00 PM,9.780,,,,
8217,07/02/16 08:00:00 PM,9.756,,,,
8218,07/02/16 08:15:00 PM,9.756,,,,
8219,07/02/16 08:30:00 PM,9.780,,,,
8220,07/02/16 08:45:00 PM,9.756,,,,
8221,07/02/16 09:00:00 PM,9.731,,,,
8222,07/02/16 09:15:00 PM,9.682,,,,
8223,07/02/16 09:30:00 PM,9.682,,,,
8224,07/02/16 09:45:00 PM,9.583,,,,
8225,07/02/16 10:00:00 PM,9.583,,,,
8226,07/02/16 10:15:00 PM,9.583,,,,
8227,07/02/16 10:30:00 PM,9.583,,,,
8228,07/02/16 10:45:00 PM,9.608,,,,
8229,07/02/16 11:00:00 PM,9.608,,,,
8230,07/02/16 11:15:00 PM,9.608,,,,
8231,07/02/16 11:30:00 PM,9.632,,,,
8232,07/02/16 11:45:00 PM,9.657,,,,
8233,07/03/16 12:00:00 AM,9.706,,,,
8234,07/03/16 12:15:00 AM,9.682,,,,
8235,07/03/16 12:30:00 AM,9.706,,,,
8236,07/03/16 12:45:00 AM,9.731,,,,
8237,07/03/16 01:00:00 AM,9.780,,,,
8238,07/03/16 01:15:00 AM,9.805,,,,
8239,07/03/16 01:30:00 AM,9.780,,,,
8240,07/03/16 01:45:00 AM,9.756,,,,
8241,07/03/16 02:00:00 AM,9.805,,,,
8242,07/03/16 02:15:00 AM,9.706,,,,
8243,07/03/16 02:30:00 AM,9.706,,,,
8244,07/03/16 02:45:00 AM,9.657,,,,
8245,07/03/16 03:00:00 AM,9.928,,,,
8246,07/03/16 03:15:00 AM,10.369,,,,
8247,07/03/16 03:30:00 AM,10.443,,,,
8248,07/03/16 03:45:00 AM,10.761,,,,
8249,07/03/16 04:00:00 AM,10.980,,,,
8250,07/03/16 04:15:00 AM,11.200,,,,
8251,07/03/16 04:30:00 AM,11.029,,,,
8252,07/03/16 04:45:00 AM,10.883,,,,
8253,07/03/16 05:00:00 AM,11.029,,,,
8254,07/03/16 05:15:00 AM,11.565,,,,
8255,07/03/16 05:30:00 AM,11.929,,,,
8256,07/03/16 05:45:00 AM,11.419,,,,
8257,07/03/16 06:00:00 AM,11.248,,,,
8258,07/03/16 06:15:00 AM,11.273,,,,
8259,07/03/16 06:30:00 AM,11.273,,,,
8260,07/03/16 06:45:00 AM,11.321,,,,
8261,07/03/16 07:00:00 AM,11.297,,,,
8262,07/03/16 07:15:00 AM,11.783,,,,
8263,07/03/16 07:30:00 AM,12.219,,,,
8264,07/03/16 07:45:00 AM,12.461,,,,
8265,07/03/16 08:00:00 AM,12.582,,,,
8266,07/03/16 08:15:00 AM,13.233,,,,
8267,07/03/16 08:30:00 AM,13.570,,,,
8268,07/03/16 08:45:00 AM,13.449,,,,
8269,07/03/16 09:00:00 AM,12.171,,,,
8270,07/03/16 09:15:00 AM,10.541,,,,
8271,07/03/16 09:30:00 AM,10.271,,,,
8272,07/03/16 09:45:00 AM,9.829,,,,
8273,07/03/16 10:00:00 AM,9.952,,,,
8274,07/03/16 10:15:00 AM,9.509,,,,
8275,07/03/16 10:30:00 AM,9.608,,,,
8276,07/03/16 10:45:00 AM,9.682,,,,
8277,07/03/16 11:00:00 AM,9.829,,,,
8278,07/03/16 11:15:00 AM,9.756,,,,
8279,07/03/16 11:30:00 AM,9.731,,,,
8280,07/03/16 11:45:00 AM,9.706,,,,
8281,07/03/16 12:00:00 PM,9.756,,,,
8282,07/03/16 12:15:00 PM,9.805,,,,
8283,07/03/16 12:30:00 PM,9.879,,,,
8284,07/03/16 12:45:00 PM,10.001,,,,
8285,07/03/16 01:00:00 PM,10.051,,,,
8286,07/03/16 01:15:00 PM,10.051,,,,
8287,07/03/16 01:30:00 PM,10.247,,,,
8288,07/03/16 01:45:00 PM,10.394,,,,
8289,07/03/16 02:00:00 PM,10.687,,,,
8290,07/03/16 02:15:00 PM,10.687,,,,
8291,07/03/16 02:30:00 PM,11.005,,,,
8292,07/03/16 02:45:00 PM,11.127,,,,
8293,07/03/16 03:00:00 PM,11.053,,,,
8294,07/03/16 03:15:00 PM,11.200,,,,
8295,07/03/16 03:30:00 PM,11.394,,,,
8296,07/03/16 03:45:00 PM,11.419,,,,
8297,07/03/16 04:00:00 PM,11.953,,,,
8298,07/03/16 04:15:00 PM,12.485,,,,
8299,07/03/16 04:30:00 PM,12.654,,,,
8300,07/03/16 04:45:00 PM,12.992,,,,
8301,07/03/16 05:00:00 PM,13.281,,,,
8302,07/03/16 05:15:00 PM,14.361,,,,
8303,07/03/16 05:30:00 PM,14.936,,,,
8304,07/03/16 05:45:00 PM,14.936,,,,
8305,07/03/16 06:00:00 PM,14.218,,,,
8306,07/03/16 06:15:00 PM,14.122,,,,
8307,07/03/16 06:30:00 PM,13.594,,,,
8308,07/03/16 06:45:00 PM,12.703,,,,
8309,07/03/16 07:00:00 PM,12.316,,,,
8310,07/03/16 07:15:00 PM,12.147,,,,
8311,07/03/16 07:30:00 PM,11.759,,,,
8312,07/03/16 07:45:00 PM,11.224,,,,
8313,07/03/16 08:00:00 PM,11.151,,,,
8314,07/03/16 08:15:00 PM,11.078,,,,
8315,07/03/16 08:30:00 PM,10.980,,,,
8316,07/03/16 08:45:00 PM,10.883,,,,
8317,07/03/16 09:00:00 PM,10.834,,,,
8318,07/03/16 09:15:00 PM,10.736,,,,
8319,07/03/16 09:30:00 PM,10.712,,,,
8320,07/03/16 09:45:00 PM,10.736,,,,
8321,07/03/16 10:00:00 PM,10.614,,,,
8322,07/03/16 10:15:00 PM,10.614,,,,
8323,07/03/16 10:30:00 PM,10.516,,,,
8324,07/03/16 10:45:00 PM,10.492,,,,
8325,07/03/16 11:00:00 PM,10.516,,,,
8326,07/03/16 11:15:00 PM,10.443,,,,
8327,07/03/16 11:30:00 PM,10.467,,,,
8328,07/03/16 11:45:00 PM,10.467,,,,
8329,07/04/16 12:00:00 AM,10.443,,,,
8330,07/04/16 12:15:00 AM,10.418,,,,
8331,07/04/16 12:30:00 AM,10.418,,,,
8332,07/04/16 12:45:00 AM,10.394,,,,
8333,07/04/16 01:00:00 AM,10.345,,,,
8334,07/04/16 01:15:00 AM,10.222,,,,
8335,07/04/16 01:30:00 AM,10.149,,,,
8336,07/04/16 01:45:00 AM,10.075,,,,
8337,07/04/16 02:00:00 AM,9.977,,,,
8338,07/04/16 02:15:00 AM,9.903,,,,
8339,07/04/16 02:30:00 AM,9.608,,,,
8340,07/04/16 02:45:00 AM,9.657,,,,
8341,07/04/16 03:00:00 AM,9.558,,,,
8342,07/04/16 03:15:00 AM,9.410,,,,
8343,07/04/16 03:30:00 AM,9.287,,,,
8344,07/04/16 03:45:00 AM,9.188,,,,
8345,07/04/16 04:00:00 AM,8.866,,,,
8346,07/04/16 04:15:00 AM,8.866,,,,
8347,07/04/16 04:30:00 AM,8.593,,,,
8348,07/04/16 04:45:00 AM,8.469,,,,
8349,07/04/16 05:00:00 AM,8.717,,,,
8350,07/04/16 05:15:00 AM,8.841,,,,
8351,07/04/16 05:30:00 AM,8.618,,,,
8352,07/04/16 05:45:00 AM,8.668,,,,
8353,07/04/16 06:00:00 AM,8.618,,,,
8354,07/04/16 06:15:00 AM,8.618,,,,
8355,07/04/16 06:30:00 AM,9.015,,,,
8356,07/04/16 06:45:00 AM,9.608,,,,
8357,07/04/16 07:00:00 AM,10.051,,,,
8358,07/04/16 07:15:00 AM,11.686,,,,
8359,07/04/16 07:30:00 AM,12.001,,,,
8360,07/04/16 07:45:00 AM,11.637,,,,
8361,07/04/16 08:00:00 AM,13.810,,,,
8362,07/04/16 08:15:00 AM,15.270,,,,
8363,07/04/16 08:30:00 AM,15.748,,,,
8364,07/04/16 08:45:00 AM,15.986,,,,
8365,07/04/16 09:00:00 AM,15.485,,,,
8366,07/04/16 09:15:00 AM,14.529,,,,
8367,07/04/16 09:30:00 AM,13.281,,,,
8368,07/04/16 09:45:00 AM,13.594,,,,
8369,07/04/16 10:00:00 AM,10.980,,,,
8370,07/04/16 10:15:00 AM,9.558,,,,
8371,07/04/16 10:30:00 AM,9.410,,,,
8372,07/04/16 10:45:00 AM,9.238,,,,
8373,07/04/16 11:00:00 AM,9.287,,,,
8374,07/04/16 11:15:00 AM,9.287,,,,
8375,07/04/16 11:30:00 AM,9.361,,,,
8376,07/04/16 11:45:00 AM,9.509,,,,
8377,07/04/16 12:00:00 PM,9.485,,,,
8378,07/04/16 12:15:00 PM,9.558,,,,
8379,07/04/16 12:30:00 PM,9.583,,,,
8380,07/04/16 12:45:00 PM,9.608,,,,
8381,07/04/16 01:00:00 PM,9.657,,,,
8382,07/04/16 01:15:00 PM,9.682,,,,
8383,07/04/16 01:30:00 PM,9.632,,,,
8384,07/04/16 01:45:00 PM,9.731,,,,
8385,07/04/16 02:00:00 PM,9.854,,,,
8386,07/04/16 02:15:00 PM,9.805,,,,
8387,07/04/16 02:30:00 PM,9.903,,,,
8388,07/04/16 02:45:00 PM,9.952,,,,
8389,07/04/16 03:00:00 PM,9.928,,,,
8390,07/04/16 03:15:00 PM,9.977,,,,
8391,07/04/16 03:30:00 PM,10.124,,,,
8392,07/04/16 03:45:00 PM,10.100,,,,
8393,07/04/16 04:00:00 PM,10.173,,,,
8394,07/04/16 04:15:00 PM,10.247,,,,
8395,07/04/16 04:30:00 PM,10.247,,,,
8396,07/04/16 04:45:00 PM,10.296,,,,
8397,07/04/16 05:00:00 PM,10.541,,,,
8398,07/04/16 05:15:00 PM,10.345,,,,
8399,07/04/16 05:30:00 PM,12.316,,,,
8400,07/04/16 05:45:00 PM,11.102,,,,
8401,07/04/16 06:00:00 PM,11.175,,,,
8402,07/04/16 06:15:00 PM,12.461,,,,
8403,07/04/16 06:30:00 PM,11.492,,,,
8404,07/04/16 06:45:00 PM,12.219,,,,
8405,07/04/16 07:00:00 PM,11.832,,,,
8406,07/04/16 07:15:00 PM,11.005,,,,
8407,07/04/16 07:30:00 PM,10.516,,,,
8408,07/04/16 07:45:00 PM,10.051,,,,
8409,07/04/16 08:00:00 PM,10.075,,,,
8410,07/04/16 08:15:00 PM,9.879,,,,
8411,07/04/16 08:30:00 PM,9.780,,,,
8412,07/04/16 08:45:00 PM,9.682,,,,
8413,07/04/16 09:00:00 PM,9.657,,,,
8414,07/04/16 09:15:00 PM,9.632,,,,
8415,07/04/16 09:30:00 PM,9.608,,,,
8416,07/04/16 09:45:00 PM,9.583,,,,
8417,07/04/16 10:00:00 PM,9.583,,,,
8418,07/04/16 10:15:00 PM,9.558,,,,
8419,07/04/16 10:30:00 PM,9.534,,,,
8420,07/04/16 10:45:00 PM,9.534,,,,
8421,07/04/16 11:00:00 PM,9.485,,,,
8422,07/04/16 11:15:00 PM,9.509,,,,
8423,07/04/16 11:30:00 PM,9.509,,,,
8424,07/04/16 11:45:00 PM,9.509,,,,
8425,07/05/16 12:00:00 AM,9.509,,,,
8426,07/05/16 12:15:00 AM,9.509,,,,
8427,07/05/16 12:30:00 AM,9.509,,,,
8428,07/05/16 12:45:00 AM,9.509,,,,
8429,07/05/16 01:00:00 AM,9.534,,,,
8430,07/05/16 01:15:00 AM,9.534,,,,
8431,07/05/16 01:30:00 AM,9.509,,,,
8432,07/05/16 01:45:00 AM,9.509,,,,
8433,07/05/16 02:00:00 AM,9.485,,,,
8434,07/05/16 02:15:00 AM,9.435,,,,
8435,07/05/16 02:30:00 AM,9.435,,,,
8436,07/05/16 02:45:00 AM,9.435,,,,
8437,07/05/16 03:00:00 AM,9.386,,,,
8438,07/05/16 03:15:00 AM,9.287,,,,
8439,07/05/16 03:30:00 AM,9.238,,,,
8440,07/05/16 03:45:00 AM,9.089,,,,
8441,07/05/16 04:00:00 AM,9.163,,,,
8442,07/05/16 04:15:00 AM,9.015,,,,
8443,07/05/16 04:30:00 AM,8.965,,,,
8444,07/05/16 04:45:00 AM,8.717,,,,
8445,07/05/16 05:00:00 AM,8.070,,,,
8446,07/05/16 05:15:00 AM,8.195,,,,
8447,07/05/16 05:30:00 AM,8.020,,,,
8448,07/05/16 05:45:00 AM,7.795,,,,
8449,07/05/16 06:00:00 AM,7.820,,,,
8450,07/05/16 06:15:00 AM,7.970,,,,
8451,07/05/16 06:30:00 AM,8.245,,,,
8452,07/05/16 06:45:00 AM,9.163,,,,
8453,07/05/16 07:00:00 AM,10.541,,,,
8454,07/05/16 07:15:00 AM,11.710,,,,
8455,07/05/16 07:30:00 AM,12.558,,,,
8456,07/05/16 07:45:00 AM,14.026,,,,
8457,07/05/16 08:00:00 AM,14.768,,,,
8458,07/05/16 08:15:00 AM,14.936,,,,
8459,07/05/16 08:30:00 AM,15.533,,,,
8460,07/05/16 08:45:00 AM,16.439,,,,
8461,07/05/16 09:00:00 AM,16.511,,,,
8462,07/05/16 09:15:00 AM,18.033,,,,
8463,07/05/16 09:30:00 AM,18.818,,,,
8464,07/05/16 09:45:00 AM,17.891,,,,
8465,07/05/16 10:00:00 AM,19.294,,,,
8466,07/05/16 10:15:00 AM,19.841,,,,
8467,07/05/16 10:30:00 AM,16.177,,,,
8468,07/05/16 10:45:00 AM,11.273,,,,
8469,07/05/16 11:00:00 AM,9.903,,,,
8470,07/05/16 11:15:00 AM,9.977,,,,
8471,07/05/16 11:30:00 AM,9.756,,,,
8472,07/05/16 11:45:00 AM,9.558,,,,
8473,07/05/16 12:00:00 PM,9.608,,,,
8474,07/05/16 12:15:00 PM,9.608,,,,
8475,07/05/16 12:30:00 PM,9.657,,,,
8476,07/05/16 12:45:00 PM,9.583,,,,
8477,07/05/16 01:00:00 PM,9.731,,,,
8478,07/05/16 01:15:00 PM,9.829,,,,
8479,07/05/16 01:30:00 PM,9.731,,,,
8480,07/05/16 01:45:00 PM,9.879,,,,
8481,07/05/16 02:00:00 PM,9.952,,,,
8482,07/05/16 02:15:00 PM,10.051,,,,
8483,07/05/16 02:30:00 PM,10.124,,,,
8484,07/05/16 02:45:00 PM,10.222,,,,
8485,07/05/16 03:00:00 PM,10.222,,,,
8486,07/05/16 03:15:00 PM,10.320,,,,
8487,07/05/16 03:30:00 PM,10.492,,,,
8488,07/05/16 03:45:00 PM,10.418,,,,
8489,07/05/16 04:00:00 PM,10.614,,,,
8490,07/05/16 04:15:00 PM,10.687,,,,
8491,07/05/16 04:30:00 PM,10.810,,,,
8492,07/05/16 04:45:00 PM,10.980,,,,
8493,07/05/16 05:00:00 PM,10.907,,,,
8494,07/05/16 05:15:00 PM,10.834,,,,
8495,07/05/16 05:30:00 PM,11.540,,,,
8496,07/05/16 05:45:00 PM,11.175,,,,
8497,07/05/16 06:00:00 PM,12.316,,,,
8498,07/05/16 06:15:00 PM,12.147,,,,
8499,07/05/16 06:30:00 PM,11.516,,,,
8500,07/05/16 06:45:00 PM,11.783,,,,
8501,07/05/16 07:00:00 PM,11.759,,,,
8502,07/05/16 07:15:00 PM,11.759,,,,
8503,07/05/16 07:30:00 PM,11.394,,,,
8504,07/05/16 07:45:00 PM,11.370,,,,
8505,07/05/16 08:00:00 PM,10.541,,,,
8506,07/05/16 08:15:00 PM,10.443,,,,
8507,07/05/16 08:30:00 PM,10.785,,,,
8508,07/05/16 08:45:00 PM,11.175,,,,
8509,07/05/16 09:00:00 PM,10.369,,,,
8510,07/05/16 09:15:00 PM,10.247,,,,
8511,07/05/16 09:30:00 PM,10.247,,,,
8512,07/05/16 09:45:00 PM,9.903,,,,
8513,07/05/16 10:00:00 PM,9.977,,,,
8514,07/05/16 10:15:00 PM,9.903,,,,
8515,07/05/16 10:30:00 PM,9.756,,,,
8516,07/05/16 10:45:00 PM,9.756,,,,
8517,07/05/16 11:00:00 PM,9.731,,,,
8518,07/05/16 11:15:00 PM,9.756,,,,
8519,07/05/16 11:30:00 PM,9.731,,,,
8520,07/05/16 11:45:00 PM,9.706,,,,
8521,07/06/16 12:00:00 AM,9.706,,,,
8522,07/06/16 12:15:00 AM,9.682,,,,
8523,07/06/16 12:30:00 AM,9.706,,,,
8524,07/06/16 12:45:00 AM,9.657,,,,
8525,07/06/16 01:00:00 AM,9.632,,,,
8526,07/06/16 01:15:00 AM,9.632,,,,
8527,07/06/16 01:30:00 AM,9.608,,,,
8528,07/06/16 01:45:00 AM,9.608,,,,
8529,07/06/16 02:00:00 AM,9.608,,,,
8530,07/06/16 02:15:00 AM,9.583,,,,
8531,07/06/16 02:30:00 AM,9.583,,,,
8532,07/06/16 02:45:00 AM,9.558,,,,
8533,07/06/16 03:00:00 AM,9.558,,,,
8534,07/06/16 03:15:00 AM,9.558,,,,
8535,07/06/16 03:30:00 AM,9.534,,,,
8536,07/06/16 03:45:00 AM,9.509,,,,
8537,07/06/16 04:00:00 AM,9.485,,,,
8538,07/06/16 04:15:00 AM,9.460,,,,
8539,07/06/16 04:30:00 AM,9.435,,,,
8540,07/06/16 04:45:00 AM,9.336,,,,
8541,07/06/16 05:00:00 AM,9.139,,,,
8542,07/06/16 05:15:00 AM,9.089,,,,
8543,07/06/16 05:30:00 AM,8.866,,,,
8544,07/06/16 05:45:00 AM,8.693,,,,
8545,07/06/16 06:00:00 AM,8.618,,,,
8546,07/06/16 06:15:00 AM,8.618,,,,
8547,07/06/16 06:30:00 AM,8.941,,,,
8548,07/06/16 06:45:00 AM,9.509,,,,
8549,07/06/16 07:00:00 AM,10.980,,,,
8550,07/06/16 07:15:00 AM,12.775,,,,
8551,07/06/16 07:30:00 AM,13.810,,,,
8552,07/06/16 07:45:00 AM,14.984,,,,
8553,07/06/16 08:00:00 AM,15.557,,,,
8554,07/06/16 08:15:00 AM,16.034,,,,
8555,07/06/16 08:30:00 AM,15.270,,,,
8556,07/06/16 08:45:00 AM,16.439,,,,
8557,07/06/16 09:00:00 AM,18.176,,,,
8558,07/06/16 09:15:00 AM,19.841,,,,
8559,07/06/16 09:30:00 AM,20.627,,,,
8560,07/06/16 09:45:00 AM,22.298,,,,
8561,07/06/16 10:00:00 AM,23.809,,,,
8562,07/06/16 10:15:00 AM,25.040,,,,
8563,07/06/16 10:30:00 AM,25.793,,,,
8564,07/06/16 10:45:00 AM,26.061,,,,
8565,07/06/16 11:00:00 AM,24.243,,,,
8566,07/06/16 11:15:00 AM,19.294,,,,
8567,07/06/16 11:30:00 AM,16.511,,,,
8568,07/06/16 11:45:00 AM,16.677,,,,
8569,07/06/16 12:00:00 PM,17.819,,,,
8570,07/06/16 12:15:00 PM,16.368,,,,
8571,07/06/16 12:30:00 PM,16.344,,,,
8572,07/06/16 12:45:00 PM,11.734,,,,
8573,07/06/16 01:00:00 PM,11.662,,,,
8574,07/06/16 01:15:00 PM,11.321,,,,
8575,07/06/16 01:30:00 PM,11.248,,,,
8576,07/06/16 01:45:00 PM,10.980,,,,
8577,07/06/16 02:00:00 PM,11.078,,,,
8578,07/06/16 02:15:00 PM,11.273,,,,
8579,07/06/16 02:30:00 PM,11.273,,,,
8580,07/06/16 02:45:00 PM,11.200,,,,
8581,07/06/16 03:00:00 PM,11.346,,,,
8582,07/06/16 03:15:00 PM,11.394,,,,
8583,07/06/16 03:30:00 PM,11.467,,,,
8584,07/06/16 03:45:00 PM,11.589,,,,
8585,07/06/16 04:00:00 PM,11.662,,,,
8586,07/06/16 04:15:00 PM,11.710,,,,
8587,07/06/16 04:30:00 PM,11.832,,,,
8588,07/06/16 04:45:00 PM,11.710,,,,
8589,07/06/16 05:00:00 PM,11.832,,,,
8590,07/06/16 05:15:00 PM,13.497,,,,
8591,07/06/16 05:30:00 PM,13.666,,,,
8592,07/06/16 05:45:00 PM,15.915,,,,
8593,07/06/16 06:00:00 PM,16.892,,,,
8594,07/06/16 06:15:00 PM,17.510,,,,
8595,07/06/16 06:30:00 PM,16.534,,,,
8596,07/06/16 06:45:00 PM,16.820,,,,
8597,07/06/16 07:00:00 PM,16.320,,,,
8598,07/06/16 07:15:00 PM,15.891,,,,
8599,07/06/16 07:30:00 PM,15.223,,,,
8600,07/06/16 07:45:00 PM,13.714,,,,
8601,07/06/16 08:00:00 PM,12.654,,,,
8602,07/06/16 08:15:00 PM,12.340,,,,
8603,07/06/16 08:30:00 PM,12.485,,,,
8604,07/06/16 08:45:00 PM,12.558,,,,
8605,07/06/16 09:00:00 PM,11.929,,,,
8606,07/06/16 09:15:00 PM,11.321,,,,
8607,07/06/16 09:30:00 PM,12.074,,,,
8608,07/06/16 09:45:00 PM,10.785,,,,
8609,07/06/16 10:00:00 PM,11.321,,,,
8610,07/06/16 10:15:00 PM,11.662,,,,
8611,07/06/16 10:30:00 PM,10.492,,,,
8612,07/06/16 10:45:00 PM,10.443,,,,
8613,07/06/16 11:00:00 PM,10.296,,,,
8614,07/06/16 11:15:00 PM,10.026,,,,
8615,07/06/16 11:30:00 PM,10.712,,,,
8616,07/06/16 11:45:00 PM,9.583,,,,
8617,07/07/16 12:00:00 AM,9.632,,,,
8618,07/07/16 12:15:00 AM,9.706,,,,
8619,07/07/16 12:30:00 AM,10.001,,,,
8620,07/07/16 12:45:00 AM,10.296,,,,
8621,07/07/16 01:00:00 AM,10.394,,,,
8622,07/07/16 01:15:00 AM,10.492,,,,
8623,07/07/16 01:30:00 AM,10.541,,,,
8624,07/07/16 01:45:00 AM,10.541,,,,
8625,07/07/16 02:00:00 AM,10.614,,,,
8626,07/07/16 02:15:00 AM,10.687,,,,
8627,07/07/16 02:30:00 AM,10.810,,,,
8628,07/07/16 02:45:00 AM,10.980,,,,
8629,07/07/16 03:00:00 AM,10.932,,,,
8630,07/07/16 03:15:00 AM,10.956,,,,
8631,07/07/16 03:30:00 AM,11.102,,,,
8632,07/07/16 03:45:00 AM,11.102,,,,
8633,07/07/16 04:00:00 AM,11.175,,,,
8634,07/07/16 04:15:00 AM,11.175,,,,
8635,07/07/16 04:30:00 AM,11.783,,,,
8636,07/07/16 04:45:00 AM,11.977,,,,
8637,07/07/16 05:00:00 AM,11.953,,,,
8638,07/07/16 05:15:00 AM,12.219,,,,
8639,07/07/16 05:30:00 AM,12.025,,,,
8640,07/07/16 05:45:00 AM,12.147,,,,
8641,07/07/16 06:00:00 AM,12.461,,,,
8642,07/07/16 06:15:00 AM,12.654,,,,
8643,07/07/16 06:30:00 AM,13.040,,,,
8644,07/07/16 06:45:00 AM,13.016,,,,
8645,07/07/16 07:00:00 AM,12.896,,,,
8646,07/07/16 07:15:00 AM,12.920,,,,
8647,07/07/16 07:30:00 AM,13.185,,,,
8648,07/07/16 07:45:00 AM,13.666,,,,
8649,07/07/16 08:00:00 AM,13.570,,,,
8650,07/07/16 08:15:00 AM,14.409,,,,
8651,07/07/16 08:30:00 AM,14.936,,,,
8652,07/07/16 08:45:00 AM,15.199,,,,
8653,07/07/16 09:00:00 AM,14.649,,,,
8654,07/07/16 09:15:00 AM,14.002,,,,
8655,07/07/16 09:30:00 AM,14.218,,,,
8656,07/07/16 09:45:00 AM,14.002,,,,
8657,07/07/16 10:00:00 AM,14.505,,,,
8658,07/07/16 10:15:00 AM,14.553,,,,
8659,07/07/16 10:30:00 AM,14.912,,,,
8660,07/07/16 10:45:00 AM,16.010,,,,
8661,07/07/16 11:00:00 AM,16.630,,,,
8662,07/07/16 11:15:00 AM,17.796,,,,
8663,07/07/16 11:30:00 AM,18.366,,,,
8664,07/07/16 11:45:00 AM,17.463,,,,
8665,07/07/16 12:00:00 PM,17.891,,,,
8666,07/07/16 12:15:00 PM,18.652,,,,
8667,07/07/16 12:30:00 PM,16.582,,,,
8668,07/07/16 12:45:00 PM,17.368,,,,
8669,07/07/16 01:00:00 PM,14.074,,,,
8670,07/07/16 01:15:00 PM,13.016,,,,
8671,07/07/16 01:30:00 PM,12.847,,,,
8672,07/07/16 01:45:00 PM,12.703,,,,
8673,07/07/16 02:00:00 PM,12.558,,,,
8674,07/07/16 02:15:00 PM,12.654,,,,
8675,07/07/16 02:30:00 PM,12.606,,,,
8676,07/07/16 02:45:00 PM,12.534,,,,
8677,07/07/16 03:00:00 PM,12.364,,,,
8678,07/07/16 03:15:00 PM,12.292,,,,
8679,07/07/16 03:30:00 PM,12.243,,,,
8680,07/07/16 03:45:00 PM,12.292,,,,
8681,07/07/16 04:00:00 PM,12.509,,,,
8682,07/07/16 04:15:00 PM,12.703,,,,
8683,07/07/16 04:30:00 PM,12.775,,,,
8684,07/07/16 04:45:00 PM,12.871,,,,
8685,07/07/16 05:00:00 PM,12.992,,,,
8686,07/07/16 05:15:00 PM,13.040,,,,
8687,07/07/16 05:30:00 PM,13.088,,,,
8688,07/07/16 05:45:00 PM,13.112,,,,
8689,07/07/16 06:00:00 PM,13.112,,,,
8690,07/07/16 06:15:00 PM,13.112,,,,
8691,07/07/16 06:30:00 PM,13.161,,,,
8692,07/07/16 06:45:00 PM,13.137,,,,
8693,07/07/16 07:00:00 PM,13.185,,,,
8694,07/07/16 07:15:00 PM,13.064,,,,
8695,07/07/16 07:30:00 PM,13.088,,,,
8696,07/07/16 07:45:00 PM,13.209,,,,
8697,07/07/16 08:00:00 PM,13.112,,,,
8698,07/07/16 08:15:00 PM,13.040,,,,
8699,07/07/16 08:30:00 PM,13.137,,,,
8700,07/07/16 08:45:00 PM,13.161,,,,
8701,07/07/16 09:00:00 PM,13.209,,,,
8702,07/07/16 09:15:00 PM,13.185,,,,
8703,07/07/16 09:30:00 PM,13.161,,,,
8704,07/07/16 09:45:00 PM,13.064,,,,
8705,07/07/16 10:00:00 PM,13.088,,,,
8706,07/07/16 10:15:00 PM,13.161,,,,
8707,07/07/16 10:30:00 PM,13.257,,,,
8708,07/07/16 10:45:00 PM,13.088,,,,
8709,07/07/16 11:00:00 PM,13.040,,,,
8710,07/07/16 11:15:00 PM,13.016,,,,
8711,07/07/16 11:30:00 PM,13.040,,,,
8712,07/07/16 11:45:00 PM,12.968,,,,
8713,07/08/16 12:00:00 AM,12.968,,,,
8714,07/08/16 12:15:00 AM,12.968,,,,
8715,07/08/16 12:30:00 AM,12.992,,,,
8716,07/08/16 12:45:00 AM,12.992,,,,
8717,07/08/16 01:00:00 AM,12.992,,,,
8718,07/08/16 01:15:00 AM,12.992,,,,
8719,07/08/16 01:30:00 AM,12.992,,,,
8720,07/08/16 01:45:00 AM,13.016,,,,
8721,07/08/16 02:00:00 AM,13.016,,,,
8722,07/08/16 02:15:00 AM,13.016,,,,
8723,07/08/16 02:30:00 AM,13.016,,,,
8724,07/08/16 02:45:00 AM,13.016,,,,
8725,07/08/16 03:00:00 AM,13.040,,,,
8726,07/08/16 03:15:00 AM,13.016,,,,
8727,07/08/16 03:30:00 AM,13.040,,,,
8728,07/08/16 03:45:00 AM,13.016,,,,
8729,07/08/16 04:00:00 AM,13.040,,,,
8730,07/08/16 04:15:00 AM,13.040,,,,
8731,07/08/16 04:30:00 AM,13.064,,,,
8732,07/08/16 04:45:00 AM,13.064,,,,
8733,07/08/16 05:00:00 AM,13.064,,,,
8734,07/08/16 05:15:00 AM,13.088,,,,
8735,07/08/16 05:30:00 AM,13.088,,,,
8736,07/08/16 05:45:00 AM,13.088,,,,
8737,07/08/16 06:00:00 AM,13.088,,,,
8738,07/08/16 06:15:00 AM,13.088,,,,
8739,07/08/16 06:30:00 AM,13.161,,,,
8740,07/08/16 06:45:00 AM,13.257,,,,
8741,07/08/16 07:00:00 AM,13.377,,,,
8742,07/08/16 07:15:00 AM,13.522,,,,
8743,07/08/16 07:30:00 AM,13.810,,,,
8744,07/08/16 07:45:00 AM,14.385,,,,
8745,07/08/16 08:00:00 AM,14.840,,,,
8746,07/08/16 08:15:00 AM,14.577,,,,
8747,07/08/16 08:30:00 AM,14.529,,,,
8748,07/08/16 08:45:00 AM,15.318,,,,
8749,07/08/16 09:00:00 AM,15.031,,,,
8750,07/08/16 09:15:00 AM,14.745,,,,
8751,07/08/16 09:30:00 AM,15.629,,,,
8752,07/08/16 09:45:00 AM,15.748,,,,
8753,07/08/16 10:00:00 AM,17.272,,,,
8754,07/08/16 10:15:00 AM,17.320,,,,
8755,07/08/16 10:30:00 AM,18.366,,,,
8756,07/08/16 10:45:00 AM,17.843,,,,
8757,07/08/16 11:00:00 AM,16.915,,,,
8758,07/08/16 11:15:00 AM,17.701,,,,
8759,07/08/16 11:30:00 AM,19.484,,,,
8760,07/08/16 11:45:00 AM,18.675,,,,
8761,07/08/16 12:00:00 PM,18.557,,,,
8762,07/08/16 12:15:00 PM,17.177,,,,
8763,07/08/16 12:30:00 PM,14.936,,,,
8764,07/08/16 12:45:00 PM,14.361,,,,
8765,07/08/16 01:00:00 PM,14.242,,,,
8766,07/08/16 01:15:00 PM,14.098,,,,
8767,07/08/16 01:30:00 PM,13.954,,,,
8768,07/08/16 01:45:00 PM,14.098,,,,
8769,07/08/16 02:00:00 PM,14.026,,,,
8770,07/08/16 02:15:00 PM,13.954,,,,
8771,07/08/16 02:30:00 PM,13.954,,,,
8772,07/08/16 02:45:00 PM,13.930,,,,
8773,07/08/16 03:00:00 PM,14.074,,,,
8774,07/08/16 03:15:00 PM,13.906,,,,
8775,07/08/16 03:30:00 PM,13.906,,,,
8776,07/08/16 03:45:00 PM,13.978,,,,
8777,07/08/16 04:00:00 PM,13.978,,,,
8778,07/08/16 04:15:00 PM,13.978,,,,
8779,07/08/16 04:30:00 PM,13.978,,,,
8780,07/08/16 04:45:00 PM,13.978,,,,
8781,07/08/16 05:00:00 PM,13.954,,,,
8782,07/08/16 05:15:00 PM,13.930,,,,
8783,07/08/16 05:30:00 PM,13.954,,,,
8784,07/08/16 05:45:00 PM,13.954,,,,
8785,07/08/16 06:00:00 PM,13.954,,,,
8786,07/08/16 06:15:00 PM,13.954,,,,
8787,07/08/16 06:30:00 PM,13.930,,,,
8788,07/08/16 06:45:00 PM,13.906,,,,
8789,07/08/16 07:00:00 PM,13.882,,,,
8790,07/08/16 07:15:00 PM,13.882,,,,
8791,07/08/16 07:30:00 PM,13.858,,,,
8792,07/08/16 07:45:00 PM,13.858,,,,
8793,07/08/16 08:00:00 PM,13.858,,,,
8794,07/08/16 08:15:00 PM,13.882,,,,
8795,07/08/16 08:30:00 PM,13.858,,,,
8796,07/08/16 08:45:00 PM,13.834,,,,
8797,07/08/16 09:00:00 PM,13.882,,,,
8798,07/08/16 09:15:00 PM,13.906,,,,
8799,07/08/16 09:30:00 PM,13.834,,,,
8800,07/08/16 09:45:00 PM,13.810,,,,
8801,07/08/16 10:00:00 PM,13.834,,,,
8802,07/08/16 10:15:00 PM,13.786,,,,
8803,07/08/16 10:30:00 PM,13.786,,,,
8804,07/08/16 10:45:00 PM,13.762,,,,
8805,07/08/16 11:00:00 PM,13.738,,,,
8806,07/08/16 11:15:00 PM,13.738,,,,
8807,07/08/16 11:30:00 PM,13.738,,,,
8808,07/08/16 11:45:00 PM,13.738,,,,
8809,07/09/16 12:00:00 AM,13.738,,,,
8810,07/09/16 12:15:00 AM,13.714,,,,
8811,07/09/16 12:30:00 AM,13.738,,,,
8812,07/09/16 12:45:00 AM,13.738,,,,
8813,07/09/16 01:00:00 AM,13.762,,,,
8814,07/09/16 01:15:00 AM,13.762,,,,
8815,07/09/16 01:30:00 AM,13.786,,,,
8816,07/09/16 01:45:00 AM,13.786,,,,
8817,07/09/16 02:00:00 AM,13.810,,,,
8818,07/09/16 02:15:00 AM,13.810,,,,
8819,07/09/16 02:30:00 AM,13.810,,,,
8820,07/09/16 02:45:00 AM,13.810,,,,
8821,07/09/16 03:00:00 AM,13.786,,,,
8822,07/09/16 03:15:00 AM,13.786,,,,
8823,07/09/16 03:30:00 AM,13.810,,,,
8824,07/09/16 03:45:00 AM,13.810,,,,
8825,07/09/16 04:00:00 AM,13.810,,,,
8826,07/09/16 04:15:00 AM,13.810,,,,
8827,07/09/16 04:30:00 AM,13.810,,,,
8828,07/09/16 04:45:00 AM,13.810,,,,
8829,07/09/16 05:00:00 AM,13.810,,,,
8830,07/09/16 05:15:00 AM,13.810,,,,
8831,07/09/16 05:30:00 AM,13.810,,,,
8832,07/09/16 05:45:00 AM,13.786,,,,
8833,07/09/16 06:00:00 AM,13.762,,,,
8834,07/09/16 06:15:00 AM,13.762,,,,
8835,07/09/16 06:30:00 AM,13.762,,,,
8836,07/09/16 06:45:00 AM,13.786,,,,
8837,07/09/16 07:00:00 AM,13.810,,,,
8838,07/09/16 07:15:00 AM,13.930,,,,
8839,07/09/16 07:30:00 AM,14.433,,,,
8840,07/09/16 07:45:00 AM,14.409,,,,
8841,07/09/16 08:00:00 AM,14.888,,,,
8842,07/09/16 08:15:00 AM,15.151,,,,
8843,07/09/16 08:30:00 AM,15.008,,,,
8844,07/09/16 08:45:00 AM,14.625,,,,
8845,07/09/16 09:00:00 AM,16.773,,,,
8846,07/09/16 09:15:00 AM,17.558,,,,
8847,07/09/16 09:30:00 AM,18.033,,,,
8848,07/09/16 09:45:00 AM,18.533,,,,
8849,07/09/16 10:00:00 AM,18.699,,,,
8850,07/09/16 10:15:00 AM,18.176,,,,
8851,07/09/16 10:30:00 AM,17.772,,,,
8852,07/09/16 10:45:00 AM,18.319,,,,
8853,07/09/16 11:00:00 AM,19.389,,,,
8854,07/09/16 11:15:00 AM,19.603,,,,
8855,07/09/16 11:30:00 AM,20.150,,,,
8856,07/09/16 11:45:00 AM,19.817,,,,
8857,07/09/16 12:00:00 PM,19.389,,,,
8858,07/09/16 12:15:00 PM,18.057,,,,
8859,07/09/16 12:30:00 PM,17.225,,,,
8860,07/09/16 12:45:00 PM,16.820,,,,
8861,07/09/16 01:00:00 PM,15.724,,,,
8862,07/09/16 01:15:00 PM,15.031,,,,
8863,07/09/16 01:30:00 PM,14.840,,,,
8864,07/09/16 01:45:00 PM,14.625,,,,
8865,07/09/16 02:00:00 PM,14.673,,,,
8866,07/09/16 02:15:00 PM,14.601,,,,
8867,07/09/16 02:30:00 PM,14.457,,,,
8868,07/09/16 02:45:00 PM,14.457,,,,
8869,07/09/16 03:00:00 PM,14.457,,,,
8870,07/09/16 03:15:00 PM,14.433,,,,
8871,07/09/16 03:30:00 PM,14.409,,,,
8872,07/09/16 03:45:00 PM,14.385,,,,
8873,07/09/16 04:00:00 PM,14.337,,,,
8874,07/09/16 04:15:00 PM,14.361,,,,
8875,07/09/16 04:30:00 PM,14.290,,,,
8876,07/09/16 04:45:00 PM,14.314,,,,
8877,07/09/16 05:00:00 PM,14.290,,,,
8878,07/09/16 05:15:00 PM,14.290,,,,
8879,07/09/16 05:30:00 PM,14.218,,,,
8880,07/09/16 05:45:00 PM,14.266,,,,
8881,07/09/16 06:00:00 PM,14.242,,,,
8882,07/09/16 06:15:00 PM,14.242,,,,
8883,07/09/16 06:30:00 PM,14.242,,,,
8884,07/09/16 06:45:00 PM,14.266,,,,
8885,07/09/16 07:00:00 PM,14.170,,,,
8886,07/09/16 07:15:00 PM,14.170,,,,
8887,07/09/16 07:30:00 PM,14.170,,,,
8888,07/09/16 07:45:00 PM,14.146,,,,
8889,07/09/16 08:00:00 PM,14.146,,,,
8890,07/09/16 08:15:00 PM,14.122,,,,
8891,07/09/16 08:30:00 PM,14.122,,,,
8892,07/09/16 08:45:00 PM,14.098,,,,
8893,07/09/16 09:00:00 PM,14.074,,,,
8894,07/09/16 09:15:00 PM,14.074,,,,
8895,07/09/16 09:30:00 PM,14.026,,,,
8896,07/09/16 09:45:00 PM,14.026,,,,
8897,07/09/16 10:00:00 PM,14.026,,,,
8898,07/09/16 10:15:00 PM,13.954,,,,
8899,07/09/16 10:30:00 PM,13.954,,,,
8900,07/09/16 10:45:00 PM,14.026,,,,
8901,07/09/16 11:00:00 PM,13.882,,,,
8902,07/09/16 11:15:00 PM,13.930,,,,
8903,07/09/16 11:30:00 PM,14.002,,,,
8904,07/09/16 11:45:00 PM,14.002,,,,
8905,07/10/16 12:00:00 AM,13.978,,,,
8906,07/10/16 12:15:00 AM,14.002,,,,
8907,07/10/16 12:30:00 AM,14.050,,,,
8908,07/10/16 12:45:00 AM,14.050,,,,
8909,07/10/16 01:00:00 AM,13.954,,,,
8910,07/10/16 01:15:00 AM,13.906,,,,
8911,07/10/16 01:30:00 AM,13.930,,,,
8912,07/10/16 01:45:00 AM,13.954,,,,
8913,07/10/16 02:00:00 AM,13.978,,,,
8914,07/10/16 02:15:00 AM,13.978,,,,
8915,07/10/16 02:30:00 AM,13.978,,,,
8916,07/10/16 02:45:00 AM,13.930,,,,
8917,07/10/16 03:00:00 AM,13.954,,,,
8918,07/10/16 03:15:00 AM,13.930,,,,
8919,07/10/16 03:30:00 AM,13.954,,,,
8920,07/10/16 03:45:00 AM,13.954,,,,
8921,07/10/16 04:00:00 AM,13.954,,,,
8922,07/10/16 04:15:00 AM,13.978,,,,
8923,07/10/16 04:30:00 AM,13.930,,,,
8924,07/10/16 04:45:00 AM,13.906,,,,
8925,07/10/16 05:00:00 AM,13.882,,,,
8926,07/10/16 05:15:00 AM,13.882,,,,
8927,07/10/16 05:30:00 AM,13.906,,,,
8928,07/10/16 05:45:00 AM,13.858,,,,
8929,07/10/16 06:00:00 AM,13.882,,,,
8930,07/10/16 06:15:00 AM,13.858,,,,
8931,07/10/16 06:30:00 AM,13.882,,,,
8932,07/10/16 06:45:00 AM,13.834,,,,
8933,07/10/16 07:00:00 AM,13.858,,,,
8934,07/10/16 07:15:00 AM,13.834,,,,
8935,07/10/16 07:30:00 AM,13.858,,,,
8936,07/10/16 07:45:00 AM,13.882,,,,
8937,07/10/16 08:00:00 AM,13.882,,,,
8938,07/10/16 08:15:00 AM,13.978,,,,
8939,07/10/16 08:30:00 AM,14.170,,,,
8940,07/10/16 08:45:00 AM,14.218,,,,
8941,07/10/16 09:00:00 AM,14.361,,,,
8942,07/10/16 09:15:00 AM,14.529,,,,
8943,07/10/16 09:30:00 AM,15.008,,,,
8944,07/10/16 09:45:00 AM,15.939,,,,
8945,07/10/16 10:00:00 AM,15.151,,,,
8946,07/10/16 10:15:00 AM,17.344,,,,
8947,07/10/16 10:30:00 AM,15.676,,,,
8948,07/10/16 10:45:00 AM,15.485,,,,
8949,07/10/16 11:00:00 AM,15.915,,,,
8950,07/10/16 11:15:00 AM,17.653,,,,
8951,07/10/16 11:30:00 AM,18.081,,,,
8952,07/10/16 11:45:00 AM,19.222,,,,
8953,07/10/16 12:00:00 PM,18.176,,,,
8954,07/10/16 12:15:00 PM,19.555,,,,
8955,07/10/16 12:30:00 PM,19.651,,,,
8956,07/10/16 12:45:00 PM,17.748,,,,
8957,07/10/16 01:00:00 PM,19.365,,,,
8958,07/10/16 01:15:00 PM,17.368,,,,
8959,07/10/16 01:30:00 PM,15.605,,,,
8960,07/10/16 01:45:00 PM,15.223,,,,
8961,07/10/16 02:00:00 PM,14.936,,,,
8962,07/10/16 02:15:00 PM,14.553,,,,
8963,07/10/16 02:30:00 PM,14.529,,,,
8964,07/10/16 02:45:00 PM,14.553,,,,
8965,07/10/16 03:00:00 PM,14.505,,,,
8966,07/10/16 03:15:00 PM,14.457,,,,
8967,07/10/16 03:30:00 PM,14.385,,,,
8968,07/10/16 03:45:00 PM,14.505,,,,
8969,07/10/16 04:00:00 PM,14.433,,,,
8970,07/10/16 04:15:00 PM,14.433,,,,
8971,07/10/16 04:30:00 PM,14.290,,,,
8972,07/10/16 04:45:00 PM,14.385,,,,
8973,07/10/16 05:00:00 PM,14.242,,,,
8974,07/10/16 05:15:00 PM,14.266,,,,
8975,07/10/16 05:30:00 PM,14.314,,,,
8976,07/10/16 05:45:00 PM,14.385,,,,
8977,07/10/16 06:00:00 PM,14.314,,,,
8978,07/10/16 06:15:00 PM,14.385,,,,
8979,07/10/16 06:30:00 PM,14.314,,,,
8980,07/10/16 06:45:00 PM,14.337,,,,
8981,07/10/16 07:00:00 PM,14.290,,,,
8982,07/10/16 07:15:00 PM,14.314,,,,
8983,07/10/16 07:30:00 PM,14.290,,,,
8984,07/10/16 07:45:00 PM,14.218,,,,
8985,07/10/16 08:00:00 PM,14.194,,,,
8986,07/10/16 08:15:00 PM,14.170,,,,
8987,07/10/16 08:30:00 PM,14.146,,,,
8988,07/10/16 08:45:00 PM,14.146,,,,
8989,07/10/16 09:00:00 PM,14.122,,,,
8990,07/10/16 09:15:00 PM,14.122,,,,
8991,07/10/16 09:30:00 PM,14.146,,,,
8992,07/10/16 09:45:00 PM,14.170,,,,
8993,07/10/16 10:00:00 PM,14.170,,,,
8994,07/10/16 10:15:00 PM,14.170,,,,
8995,07/10/16 10:30:00 PM,14.194,,,,
8996,07/10/16 10:45:00 PM,14.194,,,,
8997,07/10/16 11:00:00 PM,14.170,,,,
8998,07/10/16 11:15:00 PM,14.194,,,,
8999,07/10/16 11:30:00 PM,13.906,,,,
9000,07/10/16 11:45:00 PM,13.882,,,,
9001,07/11/16 12:00:00 AM,13.714,,,,
9002,07/11/16 12:15:00 AM,13.666,,,,
9003,07/11/16 12:30:00 AM,13.906,,,,
9004,07/11/16 12:45:00 AM,13.786,,,,
9005,07/11/16 01:00:00 AM,13.762,,,,
9006,07/11/16 01:15:00 AM,13.810,,,,
9007,07/11/16 01:30:00 AM,13.858,,,,
9008,07/11/16 01:45:00 AM,14.170,,,,
9009,07/11/16 02:00:00 AM,14.194,,,,
9010,07/11/16 02:15:00 AM,14.122,,,,
9011,07/11/16 02:30:00 AM,14.050,,,,
9012,07/11/16 02:45:00 AM,14.026,,,,
9013,07/11/16 03:00:00 AM,14.002,,,,
9014,07/11/16 03:15:00 AM,13.954,,,,
9015,07/11/16 03:30:00 AM,13.906,,,,
9016,07/11/16 03:45:00 AM,13.858,,,,
9017,07/11/16 04:00:00 AM,13.834,,,,
9018,07/11/16 04:15:00 AM,13.834,,,,
9019,07/11/16 04:30:00 AM,13.834,,,,
9020,07/11/16 04:45:00 AM,13.810,,,,
9021,07/11/16 05:00:00 AM,13.834,,,,
9022,07/11/16 05:15:00 AM,13.834,,,,
9023,07/11/16 05:30:00 AM,13.834,,,,
9024,07/11/16 05:45:00 AM,13.834,,,,
9025,07/11/16 06:00:00 AM,13.834,,,,
9026,07/11/16 06:15:00 AM,13.834,,,,
9027,07/11/16 06:30:00 AM,13.834,,,,
9028,07/11/16 06:45:00 AM,13.882,,,,
9029,07/11/16 07:00:00 AM,13.882,,,,
9030,07/11/16 07:15:00 AM,13.834,,,,
9031,07/11/16 07:30:00 AM,14.050,,,,
9032,07/11/16 07:45:00 AM,13.930,,,,
9033,07/11/16 08:00:00 AM,13.930,,,,
9034,07/11/16 08:15:00 AM,14.050,,,,
9035,07/11/16 08:30:00 AM,14.122,,,,
9036,07/11/16 08:45:00 AM,14.194,,,,
9037,07/11/16 09:00:00 AM,14.385,,,,
9038,07/11/16 09:15:00 AM,14.409,,,,
9039,07/11/16 09:30:00 AM,14.984,,,,
9040,07/11/16 09:45:00 AM,14.721,,,,
9041,07/11/16 10:00:00 AM,16.034,,,,
9042,07/11/16 10:15:00 AM,18.366,,,,
9043,07/11/16 10:30:00 AM,19.674,,,,
9044,07/11/16 10:45:00 AM,21.032,,,,
9045,07/11/16 11:00:00 AM,18.224,,,,
9046,07/11/16 11:15:00 AM,18.343,,,,
9047,07/11/16 11:30:00 AM,20.388,,,,
9048,07/11/16 11:45:00 AM,18.580,,,,
9049,07/11/16 12:00:00 PM,20.246,,,,
9050,07/11/16 12:15:00 PM,21.342,,,,
9051,07/11/16 12:30:00 PM,21.604,,,,
9052,07/11/16 12:45:00 PM,22.058,,,,
9053,07/11/16 01:00:00 PM,21.795,,,,
9054,07/11/16 01:15:00 PM,21.342,,,,
9055,07/11/16 01:30:00 PM,18.794,,,,
9056,07/11/16 01:45:00 PM,18.176,,,,
9057,07/11/16 02:00:00 PM,16.701,,,,
9058,07/11/16 02:15:00 PM,18.723,,,,
9059,07/11/16 02:30:00 PM,15.939,,,,
9060,07/11/16 02:45:00 PM,15.724,,,,
9061,07/11/16 03:00:00 PM,16.368,,,,
9062,07/11/16 03:15:00 PM,15.151,,,,
9063,07/11/16 03:30:00 PM,15.008,,,,
9064,07/11/16 03:45:00 PM,15.223,,,,
9065,07/11/16 04:00:00 PM,15.127,,,,
9066,07/11/16 04:15:00 PM,15.127,,,,
9067,07/11/16 04:30:00 PM,15.127,,,,
9068,07/11/16 04:45:00 PM,15.414,,,,
9069,07/11/16 05:00:00 PM,15.151,,,,
9070,07/11/16 05:15:00 PM,15.151,,,,
9071,07/11/16 05:30:00 PM,15.031,,,,
9072,07/11/16 05:45:00 PM,15.031,,,,
9073,07/11/16 06:00:00 PM,15.055,,,,
9074,07/11/16 06:15:00 PM,15.103,,,,
9075,07/11/16 06:30:00 PM,15.079,,,,
9076,07/11/16 06:45:00 PM,15.008,,,,
9077,07/11/16 07:00:00 PM,14.960,,,,
9078,07/11/16 07:15:00 PM,14.960,,,,
9079,07/11/16 07:30:00 PM,14.912,,,,
9080,07/11/16 07:45:00 PM,14.912,,,,
9081,07/11/16 08:00:00 PM,14.912,,,,
9082,07/11/16 08:15:00 PM,14.864,,,,
9083,07/11/16 08:30:00 PM,14.864,,,,
9084,07/11/16 08:45:00 PM,14.816,,,,
9085,07/11/16 09:00:00 PM,14.792,,,,
9086,07/11/16 09:15:00 PM,14.792,,,,
9087,07/11/16 09:30:00 PM,14.768,,,,
9088,07/11/16 09:45:00 PM,14.649,,,,
9089,07/11/16 10:00:00 PM,14.577,,,,
9090,07/11/16 10:15:00 PM,14.361,,,,
9091,07/11/16 10:30:00 PM,14.385,,,,
9092,07/11/16 10:45:00 PM,13.377,,,,
9093,07/11/16 11:00:00 PM,14.266,,,,
9094,07/11/16 11:15:00 PM,13.978,,,,
9095,07/11/16 11:30:00 PM,13.522,,,,
9096,07/11/16 11:45:00 PM,13.112,,,,
9097,07/12/16 12:00:00 AM,12.871,,,,
9098,07/12/16 12:15:00 AM,12.461,,,,
9099,07/12/16 12:30:00 AM,13.185,,,,
9100,07/12/16 12:45:00 AM,12.823,,,,
9101,07/12/16 01:00:00 AM,12.630,,,,
9102,07/12/16 01:15:00 AM,12.775,,,,
9103,07/12/16 01:30:00 AM,12.751,,,,
9104,07/12/16 01:45:00 AM,12.871,,,,
9105,07/12/16 02:00:00 AM,12.654,,,,
9106,07/12/16 02:15:00 AM,13.425,,,,
9107,07/12/16 02:30:00 AM,13.546,,,,
9108,07/12/16 02:45:00 AM,13.112,,,,
9109,07/12/16 03:00:00 AM,14.026,,,,
9110,07/12/16 03:15:00 AM,13.666,,,,
9111,07/12/16 03:30:00 AM,13.786,,,,
9112,07/12/16 03:45:00 AM,14.050,,,,
9113,07/12/16 04:00:00 AM,13.978,,,,
9114,07/12/16 04:15:00 AM,13.930,,,,
9115,07/12/16 04:30:00 AM,14.050,,,,
9116,07/12/16 04:45:00 AM,13.978,,,,
9117,07/12/16 05:00:00 AM,13.954,,,,
9118,07/12/16 05:15:00 AM,14.074,,,,
9119,07/12/16 05:30:00 AM,14.098,,,,
9120,07/12/16 05:45:00 AM,13.930,,,,
9121,07/12/16 06:00:00 AM,14.026,,,,
9122,07/12/16 06:15:00 AM,14.074,,,,
9123,07/12/16 06:30:00 AM,14.002,,,,
9124,07/12/16 06:45:00 AM,14.122,,,,
9125,07/12/16 07:00:00 AM,14.122,,,,
9126,07/12/16 07:15:00 AM,14.146,,,,
9127,07/12/16 07:30:00 AM,14.170,,,,
9128,07/12/16 07:45:00 AM,14.266,,,,
9129,07/12/16 08:00:00 AM,14.337,,,,
9130,07/12/16 08:15:00 AM,14.314,,,,
9131,07/12/16 08:30:00 AM,14.337,,,,
9132,07/12/16 08:45:00 AM,14.936,,,,
9133,07/12/16 09:00:00 AM,14.697,,,,
9134,07/12/16 09:15:00 AM,15.223,,,,
9135,07/12/16 09:30:00 AM,14.936,,,,
9136,07/12/16 09:45:00 AM,14.745,,,,
9137,07/12/16 10:00:00 AM,14.840,,,,
9138,07/12/16 10:15:00 AM,14.457,,,,
9139,07/12/16 10:30:00 AM,15.342,,,,
9140,07/12/16 10:45:00 AM,15.031,,,,
9141,07/12/16 11:00:00 AM,15.270,,,,
9142,07/12/16 11:15:00 AM,16.511,,,,
9143,07/12/16 11:30:00 AM,17.724,,,,
9144,07/12/16 11:45:00 AM,16.677,,,,
9145,07/12/16 12:00:00 PM,19.341,,,,
9146,07/12/16 12:15:00 PM,17.344,,,,
9147,07/12/16 12:30:00 PM,17.558,,,,
9148,07/12/16 12:45:00 PM,17.058,,,,
9149,07/12/16 01:00:00 PM,18.010,,,,
9150,07/12/16 01:15:00 PM,16.820,,,,
9151,07/12/16 01:30:00 PM,16.701,,,,
9152,07/12/16 01:45:00 PM,17.510,,,,
9153,07/12/16 02:00:00 PM,17.130,,,,
9154,07/12/16 02:15:00 PM,14.649,,,,
9155,07/12/16 02:30:00 PM,16.463,,,,
9156,07/12/16 02:45:00 PM,17.058,,,,
9157,07/12/16 03:00:00 PM,18.509,,,,
9158,07/12/16 03:15:00 PM,15.605,,,,
9159,07/12/16 03:30:00 PM,15.724,,,,
9160,07/12/16 03:45:00 PM,14.768,,,,
9161,07/12/16 04:00:00 PM,15.055,,,,
9162,07/12/16 04:15:00 PM,15.223,,,,
9163,07/12/16 04:30:00 PM,15.366,,,,
9164,07/12/16 04:45:00 PM,15.055,,,,
9165,07/12/16 05:00:00 PM,15.485,,,,
9166,07/12/16 05:15:00 PM,15.223,,,,
9167,07/12/16 05:30:00 PM,14.816,,,,
9168,07/12/16 05:45:00 PM,15.127,,,,
9169,07/12/16 06:00:00 PM,14.816,,,,
9170,07/12/16 06:15:00 PM,14.792,,,,
9171,07/12/16 06:30:00 PM,14.816,,,,
9172,07/12/16 06:45:00 PM,14.816,,,,
9173,07/12/16 07:00:00 PM,14.745,,,,
9174,07/12/16 07:15:00 PM,14.768,,,,
9175,07/12/16 07:30:00 PM,14.721,,,,
9176,07/12/16 07:45:00 PM,14.745,,,,
9177,07/12/16 08:00:00 PM,14.697,,,,
9178,07/12/16 08:15:00 PM,14.745,,,,
9179,07/12/16 08:30:00 PM,14.721,,,,
9180,07/12/16 08:45:00 PM,14.697,,,,
9181,07/12/16 09:00:00 PM,14.697,,,,
9182,07/12/16 09:15:00 PM,14.697,,,,
9183,07/12/16 09:30:00 PM,14.697,,,,
9184,07/12/16 09:45:00 PM,14.721,,,,
9185,07/12/16 10:00:00 PM,14.721,,,,
9186,07/12/16 10:15:00 PM,14.745,,,,
9187,07/12/16 10:30:00 PM,14.745,,,,
9188,07/12/16 10:45:00 PM,14.673,,,,
9189,07/12/16 11:00:00 PM,14.697,,,,
9190,07/12/16 11:15:00 PM,14.625,,,,
9191,07/12/16 11:30:00 PM,14.577,,,,
9192,07/12/16 11:45:00 PM,14.050,,,,
9193,07/13/16 12:00:00 AM,14.074,,,,
9194,07/13/16 12:15:00 AM,13.834,,,,
9195,07/13/16 12:30:00 AM,13.642,,,,
9196,07/13/16 12:45:00 AM,13.594,,,,
9197,07/13/16 01:00:00 AM,12.968,,,,
9198,07/13/16 01:15:00 AM,12.703,,,,
9199,07/13/16 01:30:00 AM,12.534,,,,
9200,07/13/16 01:45:00 AM,12.364,,,,
9201,07/13/16 02:00:00 AM,12.534,,,,
9202,07/13/16 02:15:00 AM,12.509,,,,
9203,07/13/16 02:30:00 AM,12.364,,,,
9204,07/13/16 02:45:00 AM,12.147,,,,
9205,07/13/16 03:00:00 AM,12.098,,,,
9206,07/13/16 03:15:00 AM,12.050,,,,
9207,07/13/16 03:30:00 AM,12.243,,,,
9208,07/13/16 03:45:00 AM,12.001,,,,
9209,07/13/16 04:00:00 AM,12.340,,,,
9210,07/13/16 04:15:00 AM,12.630,,,,
9211,07/13/16 04:30:00 AM,13.137,,,,
9212,07/13/16 04:45:00 AM,12.968,,,,
9213,07/13/16 05:00:00 AM,13.329,,,,
9214,07/13/16 05:15:00 AM,13.425,,,,
9215,07/13/16 05:30:00 AM,13.425,,,,
9216,07/13/16 05:45:00 AM,13.497,,,,
9217,07/13/16 06:00:00 AM,13.497,,,,
9218,07/13/16 06:15:00 AM,13.522,,,,
9219,07/13/16 06:30:00 AM,13.642,,,,
9220,07/13/16 06:45:00 AM,13.666,,,,
9221,07/13/16 07:00:00 AM,13.714,,,,
9222,07/13/16 07:15:00 AM,13.762,,,,
9223,07/13/16 07:30:00 AM,13.762,,,,
9224,07/13/16 07:45:00 AM,13.762,,,,
9225,07/13/16 08:00:00 AM,13.834,,,,
9226,07/13/16 08:15:00 AM,13.810,,,,
9227,07/13/16 08:30:00 AM,14.074,,,,
9228,07/13/16 08:45:00 AM,14.002,,,,
9229,07/13/16 09:00:00 AM,14.098,,,,
9230,07/13/16 09:15:00 AM,14.218,,,,
9231,07/13/16 09:30:00 AM,14.290,,,,
9232,07/13/16 09:45:00 AM,14.409,,,,
9233,07/13/16 10:00:00 AM,14.505,,,,
9234,07/13/16 10:15:00 AM,14.601,,,,
9235,07/13/16 10:30:00 AM,14.721,,,,
9236,07/13/16 10:45:00 AM,14.768,,,,
9237,07/13/16 11:00:00 AM,14.984,,,,
9238,07/13/16 11:15:00 AM,15.390,,,,
9239,07/13/16 11:30:00 AM,15.843,,,,
9240,07/13/16 11:45:00 AM,15.700,,,,
9241,07/13/16 12:00:00 PM,18.343,,,,
9242,07/13/16 12:15:00 PM,17.415,,,,
9243,07/13/16 12:30:00 PM,19.103,,,,
9244,07/13/16 12:45:00 PM,18.081,,,,
9245,07/13/16 01:00:00 PM,18.985,,,,
9246,07/13/16 01:15:00 PM,19.318,,,,
9247,07/13/16 01:30:00 PM,19.389,,,,
9248,07/13/16 01:45:00 PM,19.460,,,,
9249,07/13/16 02:00:00 PM,18.604,,,,
9250,07/13/16 02:15:00 PM,19.175,,,,
9251,07/13/16 02:30:00 PM,19.222,,,,
9252,07/13/16 02:45:00 PM,18.461,,,,
9253,07/13/16 03:00:00 PM,17.463,,,,
9254,07/13/16 03:15:00 PM,17.558,,,,
9255,07/13/16 03:30:00 PM,16.296,,,,
9256,07/13/16 03:45:00 PM,15.867,,,,
9257,07/13/16 04:00:00 PM,15.294,,,,
9258,07/13/16 04:15:00 PM,15.294,,,,
9259,07/13/16 04:30:00 PM,15.103,,,,
9260,07/13/16 04:45:00 PM,15.103,,,,
9261,07/13/16 05:00:00 PM,15.031,,,,
9262,07/13/16 05:15:00 PM,14.888,,,,
9263,07/13/16 05:30:00 PM,14.553,,,,
9264,07/13/16 05:45:00 PM,14.266,,,,
9265,07/13/16 06:00:00 PM,14.098,,,,
9266,07/13/16 06:15:00 PM,14.266,,,,
9267,07/13/16 06:30:00 PM,14.385,,,,
9268,07/13/16 06:45:00 PM,14.194,,,,
9269,07/13/16 07:00:00 PM,14.314,,,,
9270,07/13/16 07:15:00 PM,14.242,,,,
9271,07/13/16 07:30:00 PM,14.218,,,,
9272,07/13/16 07:45:00 PM,14.050,,,,
9273,07/13/16 08:00:00 PM,14.074,,,,
9274,07/13/16 08:15:00 PM,14.074,,,,
9275,07/13/16 08:30:00 PM,13.978,,,,
9276,07/13/16 08:45:00 PM,14.026,,,,
9277,07/13/16 09:00:00 PM,14.050,,,,
9278,07/13/16 09:15:00 PM,14.170,,,,
9279,07/13/16 09:30:00 PM,14.242,,,,
9280,07/13/16 09:45:00 PM,14.266,,,,
9281,07/13/16 10:00:00 PM,14.218,,,,
9282,07/13/16 10:15:00 PM,14.170,,,,
9283,07/13/16 10:30:00 PM,14.170,,,,
9284,07/13/16 10:45:00 PM,14.122,,,,
9285,07/13/16 11:00:00 PM,14.026,,,,
9286,07/13/16 11:15:00 PM,14.002,,,,
9287,07/13/16 11:30:00 PM,14.002,,,,
9288,07/13/16 11:45:00 PM,13.954,,,,
9289,07/14/16 12:00:00 AM,13.858,,,,
9290,07/14/16 12:15:00 AM,13.834,,,,
9291,07/14/16 12:30:00 AM,13.762,,,,
9292,07/14/16 12:45:00 AM,13.738,,,,
9293,07/14/16 01:00:00 AM,13.714,,,,
9294,07/14/16 01:15:00 AM,13.714,,,,
9295,07/14/16 01:30:00 AM,13.690,,,,
9296,07/14/16 01:45:00 AM,13.738,,,,
9297,07/14/16 02:00:00 AM,13.738,,,,
9298,07/14/16 02:15:00 AM,13.714,,,,
9299,07/14/16 02:30:00 AM,13.666,,,,
9300,07/14/16 02:45:00 AM,13.642,,,,
9301,07/14/16 03:00:00 AM,13.666,,,,
9302,07/14/16 03:15:00 AM,13.642,,,,
9303,07/14/16 03:30:00 AM,13.618,,,,
9304,07/14/16 03:45:00 AM,13.594,,,,
9305,07/14/16 04:00:00 AM,13.497,,,,
9306,07/14/16 04:15:00 AM,13.473,,,,
9307,07/14/16 04:30:00 AM,13.281,,,,
9308,07/14/16 04:45:00 AM,13.305,,,,
9309,07/14/16 05:00:00 AM,13.281,,,,
9310,07/14/16 05:15:00 AM,13.161,,,,
9311,07/14/16 05:30:00 AM,13.185,,,,
9312,07/14/16 05:45:00 AM,13.209,,,,
9313,07/14/16 06:00:00 AM,13.161,,,,
9314,07/14/16 06:15:00 AM,13.137,,,,
9315,07/14/16 06:30:00 AM,13.161,,,,
9316,07/14/16 06:45:00 AM,13.137,,,,
9317,07/14/16 07:00:00 AM,13.137,,,,
9318,07/14/16 07:15:00 AM,13.161,,,,
9319,07/14/16 07:30:00 AM,13.161,,,,
9320,07/14/16 07:45:00 AM,13.209,,,,
9321,07/14/16 08:00:00 AM,13.257,,,,
9322,07/14/16 08:15:00 AM,13.209,,,,
9323,07/14/16 08:30:00 AM,13.161,,,,
9324,07/14/16 08:45:00 AM,13.185,,,,
9325,07/14/16 09:00:00 AM,13.161,,,,
9326,07/14/16 09:15:00 AM,13.161,,,,
9327,07/14/16 09:30:00 AM,13.161,,,,
9328,07/14/16 09:45:00 AM,13.233,,,,
9329,07/14/16 10:00:00 AM,13.016,,,,
9330,07/14/16 10:15:00 AM,13.040,,,,
9331,07/14/16 10:30:00 AM,13.209,,,,
9332,07/14/16 10:45:00 AM,13.137,,,,
9333,07/14/16 11:00:00 AM,13.305,,,,
9334,07/14/16 11:15:00 AM,13.185,,,,
9335,07/14/16 11:30:00 AM,13.305,,,,
9336,07/14/16 11:45:00 AM,13.666,,,,
9337,07/14/16 12:00:00 PM,13.594,,,,
9338,07/14/16 12:15:00 PM,14.242,,,,
9339,07/14/16 12:30:00 PM,14.433,,,,
9340,07/14/16 12:45:00 PM,15.390,,,,
9341,07/14/16 01:00:00 PM,14.816,,,,
9342,07/14/16 01:15:00 PM,14.673,,,,
9343,07/14/16 01:30:00 PM,14.745,,,,
9344,07/14/16 01:45:00 PM,16.677,,,,
9345,07/14/16 02:00:00 PM,15.676,,,,
9346,07/14/16 02:15:00 PM,15.247,,,,
9347,07/14/16 02:30:00 PM,15.843,,,,
9348,07/14/16 02:45:00 PM,15.867,,,,
9349,07/14/16 03:00:00 PM,15.199,,,,
9350,07/14/16 03:15:00 PM,15.676,,,,
9351,07/14/16 03:30:00 PM,15.533,,,,
9352,07/14/16 03:45:00 PM,15.581,,,,
9353,07/14/16 04:00:00 PM,15.414,,,,
9354,07/14/16 04:15:00 PM,15.127,,,,
9355,07/14/16 04:30:00 PM,14.553,,,,
9356,07/14/16 04:45:00 PM,14.529,,,,
9357,07/14/16 05:00:00 PM,14.649,,,,
9358,07/14/16 05:15:00 PM,14.697,,,,
9359,07/14/16 05:30:00 PM,14.409,,,,
9360,07/14/16 05:45:00 PM,14.122,,,,
9361,07/14/16 06:00:00 PM,14.050,,,,
9362,07/14/16 06:15:00 PM,14.074,,,,
9363,07/14/16 06:30:00 PM,14.050,,,,
9364,07/14/16 06:45:00 PM,13.930,,,,
9365,07/14/16 07:00:00 PM,13.882,,,,
9366,07/14/16 07:15:00 PM,13.762,,,,
9367,07/14/16 07:30:00 PM,13.762,,,,
9368,07/14/16 07:45:00 PM,13.714,,,,
9369,07/14/16 08:00:00 PM,13.594,,,,
9370,07/14/16 08:15:00 PM,13.522,,,,
9371,07/14/16 08:30:00 PM,13.449,,,,
9372,07/14/16 08:45:00 PM,13.185,,,,
9373,07/14/16 09:00:00 PM,13.088,,,,
9374,07/14/16 09:15:00 PM,12.920,,,,
9375,07/14/16 09:30:00 PM,12.775,,,,
9376,07/14/16 09:45:00 PM,12.775,,,,
9377,07/14/16 10:00:00 PM,12.582,,,,
9378,07/14/16 10:15:00 PM,12.461,,,,
9379,07/14/16 10:30:00 PM,12.340,,,,
9380,07/14/16 10:45:00 PM,12.195,,,,
9381,07/14/16 11:00:00 PM,12.025,,,,
9382,07/14/16 11:15:00 PM,11.953,,,,
9383,07/14/16 11:30:00 PM,11.904,,,,
9384,07/14/16 11:45:00 PM,11.783,,,,
9385,07/15/16 12:00:00 AM,11.540,,,,
9386,07/15/16 12:15:00 AM,11.540,,,,
9387,07/15/16 12:30:00 AM,11.637,,,,
9388,07/15/16 12:45:00 AM,11.565,,,,
9389,07/15/16 01:00:00 AM,11.492,,,,
9390,07/15/16 01:15:00 AM,11.394,,,,
9391,07/15/16 01:30:00 AM,11.297,,,,
9392,07/15/16 01:45:00 AM,11.273,,,,
9393,07/15/16 02:00:00 AM,11.200,,,,
9394,07/15/16 02:15:00 AM,10.980,,,,
9395,07/15/16 02:30:00 AM,10.907,,,,
9396,07/15/16 02:45:00 AM,10.736,,,,
9397,07/15/16 03:00:00 AM,10.663,,,,
9398,07/15/16 03:15:00 AM,10.590,,,,
9399,07/15/16 03:30:00 AM,10.394,,,,
9400,07/15/16 03:45:00 AM,10.443,,,,
9401,07/15/16 04:00:00 AM,10.467,,,,
9402,07/15/16 04:15:00 AM,10.320,,,,
9403,07/15/16 04:30:00 AM,10.247,,,,
9404,07/15/16 04:45:00 AM,10.124,,,,
9405,07/15/16 05:00:00 AM,10.100,,,,
9406,07/15/16 05:15:00 AM,9.952,,,,
9407,07/15/16 05:30:00 AM,9.829,,,,
9408,07/15/16 05:45:00 AM,10.026,,,,
9409,07/15/16 06:00:00 AM,10.443,,,,
9410,07/15/16 06:15:00 AM,10.712,,,,
9411,07/15/16 06:30:00 AM,10.810,,,,
9412,07/15/16 06:45:00 AM,11.102,,,,
9413,07/15/16 07:00:00 AM,11.346,,,,
9414,07/15/16 07:15:00 AM,11.102,,,,
9415,07/15/16 07:30:00 AM,10.907,,,,
9416,07/15/16 07:45:00 AM,11.492,,,,
9417,07/15/16 08:00:00 AM,10.834,,,,
9418,07/15/16 08:15:00 AM,10.932,,,,
9419,07/15/16 08:30:00 AM,11.248,,,,
9420,07/15/16 08:45:00 AM,10.980,,,,
9421,07/15/16 09:00:00 AM,10.687,,,,
9422,07/15/16 09:15:00 AM,10.932,,,,
9423,07/15/16 09:30:00 AM,10.638,,,,
9424,07/15/16 09:45:00 AM,10.638,,,,
9425,07/15/16 10:00:00 AM,10.663,,,,
9426,07/15/16 10:15:00 AM,10.736,,,,
9427,07/15/16 10:30:00 AM,11.029,,,,
9428,07/15/16 10:45:00 AM,10.907,,,,
9429,07/15/16 11:00:00 AM,11.273,,,,
9430,07/15/16 11:15:00 AM,11.175,,,,
9431,07/15/16 11:30:00 AM,11.005,,,,
9432,07/15/16 11:45:00 AM,10.956,,,,
9433,07/15/16 12:00:00 PM,11.151,,,,
9434,07/15/16 12:15:00 PM,11.492,,,,
9435,07/15/16 12:30:00 PM,11.904,,,,
9436,07/15/16 12:45:00 PM,12.630,,,,
9437,07/15/16 01:00:00 PM,13.209,,,,
9438,07/15/16 01:15:00 PM,11.953,,,,
9439,07/15/16 01:30:00 PM,12.074,,,,
9440,07/15/16 01:45:00 PM,13.137,,,,
9441,07/15/16 02:00:00 PM,13.040,,,,
9442,07/15/16 02:15:00 PM,12.727,,,,
9443,07/15/16 02:30:00 PM,13.377,,,,
9444,07/15/16 02:45:00 PM,14.385,,,,
9445,07/15/16 03:00:00 PM,14.361,,,,
9446,07/15/16 03:15:00 PM,15.915,,,,
9447,07/15/16 03:30:00 PM,14.577,,,,
9448,07/15/16 03:45:00 PM,15.318,,,,
9449,07/15/16 04:00:00 PM,15.461,,,,
9450,07/15/16 04:15:00 PM,15.461,,,,
9451,07/15/16 04:30:00 PM,14.122,,,,
9452,07/15/16 04:45:00 PM,14.074,,,,
9453,07/15/16 05:00:00 PM,12.968,,,,
9454,07/15/16 05:15:00 PM,12.389,,,,
9455,07/15/16 05:30:00 PM,12.654,,,,
9456,07/15/16 05:45:00 PM,12.485,,,,
9457,07/15/16 06:00:00 PM,12.243,,,,
9458,07/15/16 06:15:00 PM,12.122,,,,
9459,07/15/16 06:30:00 PM,11.977,,,,
9460,07/15/16 06:45:00 PM,11.904,,,,
9461,07/15/16 07:00:00 PM,11.759,,,,
9462,07/15/16 07:15:00 PM,11.686,,,,
9463,07/15/16 07:30:00 PM,11.662,,,,
9464,07/15/16 07:45:00 PM,11.662,,,,
9465,07/15/16 08:00:00 PM,11.613,,,,
9466,07/15/16 08:15:00 PM,11.540,,,,
9467,07/15/16 08:30:00 PM,11.443,,,,
9468,07/15/16 08:45:00 PM,11.419,,,,
9469,07/15/16 09:00:00 PM,11.175,,,,
9470,07/15/16 09:15:00 PM,11.078,,,,
9471,07/15/16 09:30:00 PM,11.078,,,,
9472,07/15/16 09:45:00 PM,11.005,,,,
9473,07/15/16 10:00:00 PM,10.858,,,,
9474,07/15/16 10:15:00 PM,10.834,,,,
9475,07/15/16 10:30:00 PM,10.712,,,,
9476,07/15/16 10:45:00 PM,10.761,,,,
9477,07/15/16 11:00:00 PM,10.614,,,,
9478,07/15/16 11:15:00 PM,10.443,,,,
9479,07/15/16 11:30:00 PM,10.492,,,,
9480,07/15/16 11:45:00 PM,10.222,,,,
9481,07/16/16 12:00:00 AM,10.173,,,,
9482,07/16/16 12:15:00 AM,10.124,,,,
9483,07/16/16 12:30:00 AM,10.100,,,,
9484,07/16/16 12:45:00 AM,10.051,,,,
9485,07/16/16 01:00:00 AM,10.051,,,,
9486,07/16/16 01:15:00 AM,10.149,,,,
9487,07/16/16 01:30:00 AM,10.198,,,,
9488,07/16/16 01:45:00 AM,10.418,,,,
9489,07/16/16 02:00:00 AM,10.907,,,,
9490,07/16/16 02:15:00 AM,11.127,,,,
9491,07/16/16 02:30:00 AM,11.321,,,,
9492,07/16/16 02:45:00 AM,11.224,,,,
9493,07/16/16 03:00:00 AM,11.224,,,,
9494,07/16/16 03:15:00 AM,11.151,,,,
9495,07/16/16 03:30:00 AM,11.297,,,,
9496,07/16/16 03:45:00 AM,11.297,,,,
9497,07/16/16 04:00:00 AM,11.297,,,,
9498,07/16/16 04:15:00 AM,11.175,,,,
9499,07/16/16 04:30:00 AM,11.273,,,,
9500,07/16/16 04:45:00 AM,11.297,,,,
9501,07/16/16 05:00:00 AM,11.370,,,,
9502,07/16/16 05:15:00 AM,11.321,,,,
9503,07/16/16 05:30:00 AM,11.273,,,,
9504,07/16/16 05:45:00 AM,11.273,,,,
9505,07/16/16 06:00:00 AM,11.297,,,,
9506,07/16/16 06:15:00 AM,11.443,,,,
9507,07/16/16 06:30:00 AM,11.467,,,,
9508,07/16/16 06:45:00 AM,11.662,,,,
9509,07/16/16 07:00:00 AM,12.001,,,,
9510,07/16/16 07:15:00 AM,12.098,,,,
9511,07/16/16 07:30:00 AM,12.122,,,,
9512,07/16/16 07:45:00 AM,11.175,,,,
9513,07/16/16 08:00:00 AM,11.029,,,,
9514,07/16/16 08:15:00 AM,10.590,,,,
9515,07/16/16 08:30:00 AM,10.858,,,,
9516,07/16/16 08:45:00 AM,10.345,,,,
9517,07/16/16 09:00:00 AM,10.369,,,,
9518,07/16/16 09:15:00 AM,10.247,,,,
9519,07/16/16 09:30:00 AM,10.271,,,,
9520,07/16/16 09:45:00 AM,10.198,,,,
9521,07/16/16 10:00:00 AM,10.198,,,,
9522,07/16/16 10:15:00 AM,10.271,,,,
9523,07/16/16 10:30:00 AM,10.320,,,,
9524,07/16/16 10:45:00 AM,10.296,,,,
9525,07/16/16 11:00:00 AM,10.320,,,,
9526,07/16/16 11:15:00 AM,10.369,,,,
9527,07/16/16 11:30:00 AM,10.467,,,,
9528,07/16/16 11:45:00 AM,10.516,,,,
9529,07/16/16 12:00:00 PM,10.590,,,,
9530,07/16/16 12:15:00 PM,10.810,,,,
9531,07/16/16 12:30:00 PM,10.956,,,,
9532,07/16/16 12:45:00 PM,11.297,,,,
9533,07/16/16 01:00:00 PM,11.589,,,,
9534,07/16/16 01:15:00 PM,11.589,,,,
9535,07/16/16 01:30:00 PM,11.856,,,,
9536,07/16/16 01:45:00 PM,12.243,,,,
9537,07/16/16 02:00:00 PM,12.122,,,,
9538,07/16/16 02:15:00 PM,12.751,,,,
9539,07/16/16 02:30:00 PM,13.666,,,,
9540,07/16/16 02:45:00 PM,13.497,,,,
9541,07/16/16 03:00:00 PM,13.233,,,,
9542,07/16/16 03:15:00 PM,14.361,,,,
9543,07/16/16 03:30:00 PM,14.026,,,,
9544,07/16/16 03:45:00 PM,14.385,,,,
9545,07/16/16 04:00:00 PM,15.915,,,,
9546,07/16/16 04:15:00 PM,16.701,,,,
9547,07/16/16 04:30:00 PM,15.963,,,,
9548,07/16/16 04:45:00 PM,15.986,,,,
9549,07/16/16 05:00:00 PM,14.768,,,,
9550,07/16/16 05:15:00 PM,14.840,,,,
9551,07/16/16 05:30:00 PM,13.185,,,,
9552,07/16/16 05:45:00 PM,14.026,,,,
9553,07/16/16 06:00:00 PM,13.161,,,,
9554,07/16/16 06:15:00 PM,13.353,,,,
9555,07/16/16 06:30:00 PM,12.122,,,,
9556,07/16/16 06:45:00 PM,12.122,,,,
9557,07/16/16 07:00:00 PM,12.001,,,,
9558,07/16/16 07:15:00 PM,11.710,,,,
9559,07/16/16 07:30:00 PM,11.540,,,,
9560,07/16/16 07:45:00 PM,11.516,,,,
9561,07/16/16 08:00:00 PM,11.443,,,,
9562,07/16/16 08:15:00 PM,11.346,,,,
9563,07/16/16 08:30:00 PM,11.394,,,,
9564,07/16/16 08:45:00 PM,11.370,,,,
9565,07/16/16 09:00:00 PM,11.224,,,,
9566,07/16/16 09:15:00 PM,11.224,,,,
9567,07/16/16 09:30:00 PM,11.248,,,,
9568,07/16/16 09:45:00 PM,11.127,,,,
9569,07/16/16 10:00:00 PM,11.102,,,,
9570,07/16/16 10:15:00 PM,11.127,,,,
9571,07/16/16 10:30:00 PM,11.102,,,,
9572,07/16/16 10:45:00 PM,11.078,,,,
9573,07/16/16 11:00:00 PM,10.956,,,,
9574,07/16/16 11:15:00 PM,10.883,,,,
9575,07/16/16 11:30:00 PM,10.810,,,,
9576,07/16/16 11:45:00 PM,10.858,,,,
9577,07/17/16 12:00:00 AM,10.810,,,,
9578,07/17/16 12:15:00 AM,10.736,,,,
9579,07/17/16 12:30:00 AM,10.785,,,,
9580,07/17/16 12:45:00 AM,10.785,,,,
9581,07/17/16 01:00:00 AM,10.858,,,,
9582,07/17/16 01:15:00 AM,10.907,,,,
9583,07/17/16 01:30:00 AM,10.956,,,,
9584,07/17/16 01:45:00 AM,10.980,,,,
9585,07/17/16 02:00:00 AM,11.273,,,,
9586,07/17/16 02:15:00 AM,11.248,,,,
9587,07/17/16 02:30:00 AM,11.613,,,,
9588,07/17/16 02:45:00 AM,12.001,,,,
9589,07/17/16 03:00:00 AM,12.268,,,,
9590,07/17/16 03:15:00 AM,12.195,,,,
9591,07/17/16 03:30:00 AM,12.050,,,,
9592,07/17/16 03:45:00 AM,12.122,,,,
9593,07/17/16 04:00:00 AM,12.340,,,,
9594,07/17/16 04:15:00 AM,12.413,,,,
9595,07/17/16 04:30:00 AM,12.195,,,,
9596,07/17/16 04:45:00 AM,12.243,,,,
9597,07/17/16 05:00:00 AM,12.316,,,,
9598,07/17/16 05:15:00 AM,12.025,,,,
9599,07/17/16 05:30:00 AM,11.734,,,,
9600,07/17/16 05:45:00 AM,11.904,,,,
9601,07/17/16 06:00:00 AM,12.074,,,,
9602,07/17/16 06:15:00 AM,12.122,,,,
9603,07/17/16 06:30:00 AM,12.147,,,,
9604,07/17/16 06:45:00 AM,12.292,,,,
9605,07/17/16 07:00:00 AM,12.485,,,,
9606,07/17/16 07:15:00 AM,12.678,,,,
9607,07/17/16 07:30:00 AM,12.727,,,,
9608,07/17/16 07:45:00 AM,12.703,,,,
9609,07/17/16 08:00:00 AM,13.064,,,,
9610,07/17/16 08:15:00 AM,12.098,,,,
9611,07/17/16 08:30:00 AM,12.340,,,,
9612,07/17/16 08:45:00 AM,12.920,,,,
9613,07/17/16 09:00:00 AM,11.565,,,,
9614,07/17/16 09:15:00 AM,11.346,,,,
9615,07/17/16 09:30:00 AM,11.394,,,,
9616,07/17/16 09:45:00 AM,10.980,,,,
9617,07/17/16 10:00:00 AM,10.932,,,,
9618,07/17/16 10:15:00 AM,10.883,,,,
9619,07/17/16 10:30:00 AM,10.932,,,,
9620,07/17/16 10:45:00 AM,10.883,,,,
9621,07/17/16 11:00:00 AM,10.883,,,,
9622,07/17/16 11:15:00 AM,10.932,,,,
9623,07/17/16 11:30:00 AM,10.883,,,,
9624,07/17/16 11:45:00 AM,10.932,,,,
9625,07/17/16 12:00:00 PM,10.956,,,,
9626,07/17/16 12:15:00 PM,11.029,,,,
9627,07/17/16 12:30:00 PM,11.102,,,,
9628,07/17/16 12:45:00 PM,11.321,,,,
9629,07/17/16 01:00:00 PM,11.904,,,,
9630,07/17/16 01:15:00 PM,11.856,,,,
9631,07/17/16 01:30:00 PM,11.856,,,,
9632,07/17/16 01:45:00 PM,12.268,,,,
9633,07/17/16 02:00:00 PM,12.122,,,,
9634,07/17/16 02:15:00 PM,12.582,,,,
9635,07/17/16 02:30:00 PM,12.461,,,,
9636,07/17/16 02:45:00 PM,12.871,,,,
9637,07/17/16 03:00:00 PM,13.233,,,,
9638,07/17/16 03:15:00 PM,13.257,,,,
9639,07/17/16 03:30:00 PM,13.786,,,,
9640,07/17/16 03:45:00 PM,13.618,,,,
9641,07/17/16 04:00:00 PM,15.031,,,,
9642,07/17/16 04:15:00 PM,17.034,,,,
9643,07/17/16 04:30:00 PM,15.199,,,,
9644,07/17/16 04:45:00 PM,14.745,,,,
9645,07/17/16 05:00:00 PM,14.840,,,,
9646,07/17/16 05:15:00 PM,14.768,,,,
9647,07/17/16 05:30:00 PM,14.026,,,,
9648,07/17/16 05:45:00 PM,15.629,,,,
9649,07/17/16 06:00:00 PM,14.697,,,,
9650,07/17/16 06:15:00 PM,13.353,,,,
9651,07/17/16 06:30:00 PM,13.209,,,,
9652,07/17/16 06:45:00 PM,12.823,,,,
9653,07/17/16 07:00:00 PM,12.389,,,,
9654,07/17/16 07:15:00 PM,12.340,,,,
9655,07/17/16 07:30:00 PM,12.050,,,,
9656,07/17/16 07:45:00 PM,11.953,,,,
9657,07/17/16 08:00:00 PM,11.710,,,,
9658,07/17/16 08:15:00 PM,11.832,,,,
9659,07/17/16 08:30:00 PM,11.613,,,,
9660,07/17/16 08:45:00 PM,11.637,,,,
9661,07/17/16 09:00:00 PM,11.613,,,,
9662,07/17/16 09:15:00 PM,11.516,,,,
9663,07/17/16 09:30:00 PM,11.516,,,,
9664,07/17/16 09:45:00 PM,11.419,,,,
9665,07/17/16 10:00:00 PM,11.394,,,,
9666,07/17/16 10:15:00 PM,11.346,,,,
9667,07/17/16 10:30:00 PM,11.248,,,,
9668,07/17/16 10:45:00 PM,11.175,,,,
9669,07/17/16 11:00:00 PM,11.127,,,,
9670,07/17/16 11:15:00 PM,11.102,,,,
9671,07/17/16 11:30:00 PM,11.078,,,,
9672,07/17/16 11:45:00 PM,11.394,,,,
9673,07/18/16 12:00:00 AM,11.467,,,,
9674,07/18/16 12:15:00 AM,11.565,,,,
9675,07/18/16 12:30:00 AM,11.637,,,,
9676,07/18/16 12:45:00 AM,11.637,,,,
9677,07/18/16 01:00:00 AM,11.637,,,,
9678,07/18/16 01:15:00 AM,11.613,,,,
9679,07/18/16 01:30:00 AM,11.734,,,,
9680,07/18/16 01:45:00 AM,11.832,,,,
9681,07/18/16 02:00:00 AM,11.929,,,,
9682,07/18/16 02:15:00 AM,11.953,,,,
9683,07/18/16 02:30:00 AM,11.953,,,,
9684,07/18/16 02:45:00 AM,12.001,,,,
9685,07/18/16 03:00:00 AM,12.098,,,,
9686,07/18/16 03:15:00 AM,12.364,,,,
9687,07/18/16 03:30:00 AM,12.461,,,,
9688,07/18/16 03:45:00 AM,12.461,,,,
9689,07/18/16 04:00:00 AM,12.485,,,,
9690,07/18/16 04:15:00 AM,12.534,,,,
9691,07/18/16 04:30:00 AM,12.461,,,,
9692,07/18/16 04:45:00 AM,12.485,,,,
9693,07/18/16 05:00:00 AM,12.558,,,,
9694,07/18/16 05:15:00 AM,13.161,,,,
9695,07/18/16 05:30:00 AM,13.401,,,,
9696,07/18/16 05:45:00 AM,13.425,,,,
9697,07/18/16 06:00:00 AM,13.016,,,,
9698,07/18/16 06:15:00 AM,13.040,,,,
9699,07/18/16 06:30:00 AM,13.185,,,,
9700,07/18/16 06:45:00 AM,13.088,,,,
9701,07/18/16 07:00:00 AM,13.353,,,,
9702,07/18/16 07:15:00 AM,13.473,,,,
9703,07/18/16 07:30:00 AM,13.978,,,,
9704,07/18/16 07:45:00 AM,14.433,,,,
9705,07/18/16 08:00:00 AM,15.031,,,,
9706,07/18/16 08:15:00 AM,15.079,,,,
9707,07/18/16 08:30:00 AM,14.768,,,,
9708,07/18/16 08:45:00 AM,13.930,,,,
9709,07/18/16 09:00:00 AM,11.200,,,,
9710,07/18/16 09:15:00 AM,11.880,,,,
9711,07/18/16 09:30:00 AM,11.346,,,,
9712,07/18/16 09:45:00 AM,11.102,,,,
9713,07/18/16 10:00:00 AM,10.712,,,,
9714,07/18/16 10:15:00 AM,10.956,,,,
9715,07/18/16 10:30:00 AM,10.810,,,,
9716,07/18/16 10:45:00 AM,11.078,,,,
9717,07/18/16 11:00:00 AM,11.759,,,,
9718,07/18/16 11:15:00 AM,11.929,,,,
9719,07/18/16 11:30:00 AM,12.268,,,,
9720,07/18/16 11:45:00 AM,12.727,,,,
9721,07/18/16 12:00:00 PM,13.137,,,,
9722,07/18/16 12:15:00 PM,13.185,,,,
9723,07/18/16 12:30:00 PM,13.257,,,,
9724,07/18/16 12:45:00 PM,13.281,,,,
9725,07/18/16 01:00:00 PM,13.185,,,,
9726,07/18/16 01:15:00 PM,13.161,,,,
9727,07/18/16 01:30:00 PM,13.161,,,,
9728,07/18/16 01:45:00 PM,13.401,,,,
9729,07/18/16 02:00:00 PM,13.522,,,,
9730,07/18/16 02:15:00 PM,13.714,,,,
9731,07/18/16 02:30:00 PM,13.858,,,,
9732,07/18/16 02:45:00 PM,14.218,,,,
9733,07/18/16 03:00:00 PM,14.122,,,,
9734,07/18/16 03:15:00 PM,14.050,,,,
9735,07/18/16 03:30:00 PM,15.199,,,,
9736,07/18/16 03:45:00 PM,14.074,,,,
9737,07/18/16 04:00:00 PM,14.553,,,,
9738,07/18/16 04:15:00 PM,15.509,,,,
9739,07/18/16 04:30:00 PM,15.103,,,,
9740,07/18/16 04:45:00 PM,15.127,,,,
9741,07/18/16 05:00:00 PM,15.748,,,,
9742,07/18/16 05:15:00 PM,14.936,,,,
9743,07/18/16 05:30:00 PM,14.337,,,,
9744,07/18/16 05:45:00 PM,15.963,,,,
9745,07/18/16 06:00:00 PM,15.986,,,,
9746,07/18/16 06:15:00 PM,14.266,,,,
9747,07/18/16 06:30:00 PM,14.505,,,,
9748,07/18/16 06:45:00 PM,14.122,,,,
9749,07/18/16 07:00:00 PM,13.978,,,,
9750,07/18/16 07:15:00 PM,13.738,,,,
9751,07/18/16 07:30:00 PM,13.642,,,,
9752,07/18/16 07:45:00 PM,13.594,,,,
9753,07/18/16 08:00:00 PM,13.594,,,,
9754,07/18/16 08:15:00 PM,13.594,,,,
9755,07/18/16 08:30:00 PM,13.594,,,,
9756,07/18/16 08:45:00 PM,13.570,,,,
9757,07/18/16 09:00:00 PM,13.570,,,,
9758,07/18/16 09:15:00 PM,13.522,,,,
9759,07/18/16 09:30:00 PM,13.522,,,,
9760,07/18/16 09:45:00 PM,13.497,,,,
9761,07/18/16 10:00:00 PM,13.497,,,,
9762,07/18/16 10:15:00 PM,13.497,,,,
9763,07/18/16 10:30:00 PM,13.497,,,,
9764,07/18/16 10:45:00 PM,13.497,,,,
9765,07/18/16 11:00:00 PM,13.497,,,,
9766,07/18/16 11:15:00 PM,13.497,,,,
9767,07/18/16 11:30:00 PM,13.473,,,,
9768,07/18/16 11:45:00 PM,13.473,,,,
9769,07/19/16 12:00:00 AM,13.497,,,,
9770,07/19/16 12:15:00 AM,13.497,,,,
9771,07/19/16 12:30:00 AM,13.497,,,,
9772,07/19/16 12:45:00 AM,13.522,,,,
9773,07/19/16 01:00:00 AM,13.522,,,,
9774,07/19/16 01:15:00 AM,13.546,,,,
9775,07/19/16 01:30:00 AM,13.570,,,,
9776,07/19/16 01:45:00 AM,13.594,,,,
9777,07/19/16 02:00:00 AM,13.594,,,,
9778,07/19/16 02:15:00 AM,13.594,,,,
9779,07/19/16 02:30:00 AM,13.642,,,,
9780,07/19/16 02:45:00 AM,13.666,,,,
9781,07/19/16 03:00:00 AM,13.690,,,,
9782,07/19/16 03:15:00 AM,13.353,,,,
9783,07/19/16 03:30:00 AM,13.281,,,,
9784,07/19/16 03:45:00 AM,13.329,,,,
9785,07/19/16 04:00:00 AM,13.353,,,,
9786,07/19/16 04:15:00 AM,13.040,,,,
9787,07/19/16 04:30:00 AM,12.727,,,,
9788,07/19/16 04:45:00 AM,12.340,,,,
9789,07/19/16 05:00:00 AM,11.977,,,,
9790,07/19/16 05:15:00 AM,12.122,,,,
9791,07/19/16 05:30:00 AM,12.195,,,,
9792,07/19/16 05:45:00 AM,12.292,,,,
9793,07/19/16 06:00:00 AM,12.606,,,,
9794,07/19/16 06:15:00 AM,12.968,,,,
9795,07/19/16 06:30:00 AM,13.112,,,,
9796,07/19/16 06:45:00 AM,13.281,,,,
9797,07/19/16 07:00:00 AM,13.714,,,,
9798,07/19/16 07:15:00 AM,13.930,,,,
9799,07/19/16 07:30:00 AM,14.649,,,,
9800,07/19/16 07:45:00 AM,14.649,,,,
9801,07/19/16 08:00:00 AM,14.529,,,,
9802,07/19/16 08:15:00 AM,15.175,,,,
9803,07/19/16 08:30:00 AM,15.485,,,,
9804,07/19/16 08:45:00 AM,16.034,,,,
9805,07/19/16 09:00:00 AM,16.558,,,,
9806,07/19/16 09:15:00 AM,16.939,,,,
9807,07/19/16 09:30:00 AM,17.034,,,,
9808,07/19/16 09:45:00 AM,16.511,,,,
9809,07/19/16 10:00:00 AM,16.749,,,,
9810,07/19/16 10:15:00 AM,16.415,,,,
9811,07/19/16 10:30:00 AM,15.223,,,,
9812,07/19/16 10:45:00 AM,16.249,,,,
9813,07/19/16 11:00:00 AM,16.368,,,,
9814,07/19/16 11:15:00 AM,15.509,,,,
9815,07/19/16 11:30:00 AM,15.127,,,,
9816,07/19/16 11:45:00 AM,14.816,,,,
9817,07/19/16 12:00:00 PM,15.031,,,,
9818,07/19/16 12:15:00 PM,15.008,,,,
9819,07/19/16 12:30:00 PM,14.984,,,,
9820,07/19/16 12:45:00 PM,15.008,,,,
9821,07/19/16 01:00:00 PM,15.079,,,,
9822,07/19/16 01:15:00 PM,15.031,,,,
9823,07/19/16 01:30:00 PM,15.151,,,,
9824,07/19/16 01:45:00 PM,15.294,,,,
9825,07/19/16 02:00:00 PM,15.318,,,,
9826,07/19/16 02:15:00 PM,15.533,,,,
9827,07/19/16 02:30:00 PM,15.438,,,,
9828,07/19/16 02:45:00 PM,15.748,,,,
9829,07/19/16 03:00:00 PM,15.748,,,,
9830,07/19/16 03:15:00 PM,15.605,,,,
9831,07/19/16 03:30:00 PM,16.749,,,,
9832,07/19/16 03:45:00 PM,16.439,,,,
9833,07/19/16 04:00:00 PM,17.629,,,,
9834,07/19/16 04:15:00 PM,16.368,,,,
9835,07/19/16 04:30:00 PM,16.368,,,,
9836,07/19/16 04:45:00 PM,16.963,,,,
9837,07/19/16 05:00:00 PM,19.056,,,,
9838,07/19/16 05:15:00 PM,20.031,,,,
9839,07/19/16 05:30:00 PM,18.343,,,,
9840,07/19/16 05:45:00 PM,18.985,,,,
9841,07/19/16 06:00:00 PM,19.032,,,,
9842,07/19/16 06:15:00 PM,18.937,,,,
9843,07/19/16 06:30:00 PM,18.271,,,,
9844,07/19/16 06:45:00 PM,18.105,,,,
9845,07/19/16 07:00:00 PM,18.438,,,,
9846,07/19/16 07:15:00 PM,17.891,,,,
9847,07/19/16 07:30:00 PM,16.344,,,,
9848,07/19/16 07:45:00 PM,15.652,,,,
9849,07/19/16 08:00:00 PM,15.461,,,,
9850,07/19/16 08:15:00 PM,15.270,,,,
9851,07/19/16 08:30:00 PM,14.936,,,,
9852,07/19/16 08:45:00 PM,15.247,,,,
9853,07/19/16 09:00:00 PM,15.270,,,,
9854,07/19/16 09:15:00 PM,15.390,,,,
9855,07/19/16 09:30:00 PM,15.366,,,,
9856,07/19/16 09:45:00 PM,15.390,,,,
9857,07/19/16 10:00:00 PM,15.438,,,,
9858,07/19/16 10:15:00 PM,15.414,,,,
9859,07/19/16 10:30:00 PM,15.390,,,,
9860,07/19/16 10:45:00 PM,15.390,,,,
9861,07/19/16 11:00:00 PM,15.342,,,,
9862,07/19/16 11:15:00 PM,15.342,,,,
9863,07/19/16 11:30:00 PM,15.294,,,,
9864,07/19/16 11:45:00 PM,15.270,,,,
9865,07/20/16 12:00:00 AM,14.864,,,,
9866,07/20/16 12:15:00 AM,14.577,,,,
9867,07/20/16 12:30:00 AM,14.481,,,,
9868,07/20/16 12:45:00 AM,14.409,,,,
9869,07/20/16 01:00:00 AM,14.457,,,,
9870,07/20/16 01:15:00 AM,14.433,,,,
9871,07/20/16 01:30:00 AM,14.481,,,,
9872,07/20/16 01:45:00 AM,14.505,,,,
9873,07/20/16 02:00:00 AM,14.553,,,,
9874,07/20/16 02:15:00 AM,14.553,,,,
9875,07/20/16 02:30:00 AM,14.529,,,,
9876,07/20/16 02:45:00 AM,14.481,,,,
9877,07/20/16 03:00:00 AM,14.050,,,,
9878,07/20/16 03:15:00 AM,14.194,,,,
9879,07/20/16 03:30:00 AM,14.122,,,,
9880,07/20/16 03:45:00 AM,14.146,,,,
9881,07/20/16 04:00:00 AM,14.433,,,,
9882,07/20/16 04:15:00 AM,14.170,,,,
9883,07/20/16 04:30:00 AM,14.074,,,,
9884,07/20/16 04:45:00 AM,14.026,,,,
9885,07/20/16 05:00:00 AM,13.978,,,,
9886,07/20/16 05:15:00 AM,13.954,,,,
9887,07/20/16 05:30:00 AM,13.906,,,,
9888,07/20/16 05:45:00 AM,13.209,,,,
9889,07/20/16 06:00:00 AM,12.606,,,,
9890,07/20/16 06:15:00 AM,12.413,,,,
9891,07/20/16 06:30:00 AM,12.364,,,,
9892,07/20/16 06:45:00 AM,12.558,,,,
9893,07/20/16 07:00:00 AM,13.401,,,,
9894,07/20/16 07:15:00 AM,15.199,,,,
9895,07/20/16 07:30:00 AM,16.392,,,,
9896,07/20/16 07:45:00 AM,17.724,,,,
9897,07/20/16 08:00:00 AM,18.794,,,,
9898,07/20/16 08:15:00 AM,19.246,,,,
9899,07/20/16 08:30:00 AM,20.222,,,,
9900,07/20/16 08:45:00 AM,20.579,,,,
9901,07/20/16 09:00:00 AM,21.127,,,,
9902,07/20/16 09:15:00 AM,22.537,,,,
9903,07/20/16 09:30:00 AM,23.641,,,,
9904,07/20/16 09:45:00 AM,25.065,,,,
9905,07/20/16 10:00:00 AM,25.914,,,,
9906,07/20/16 10:15:00 AM,26.231,,,,
9907,07/20/16 10:30:00 AM,22.681,,,,
9908,07/20/16 10:45:00 AM,21.867,,,,
9909,07/20/16 11:00:00 AM,18.366,,,,
9910,07/20/16 11:15:00 AM,17.272,,,,
9911,07/20/16 11:30:00 AM,17.486,,,,
9912,07/20/16 11:45:00 AM,16.415,,,,
9913,07/20/16 12:00:00 PM,16.272,,,,
9914,07/20/16 12:15:00 PM,16.129,,,,
9915,07/20/16 12:30:00 PM,16.177,,,,
9916,07/20/16 12:45:00 PM,16.201,,,,
9917,07/20/16 01:00:00 PM,16.249,,,,
9918,07/20/16 01:15:00 PM,16.392,,,,
9919,07/20/16 01:30:00 PM,16.463,,,,
9920,07/20/16 01:45:00 PM,16.511,,,,
9921,07/20/16 02:00:00 PM,16.582,,,,
9922,07/20/16 02:15:00 PM,16.630,,,,
9923,07/20/16 02:30:00 PM,16.749,,,,
9924,07/20/16 02:45:00 PM,16.701,,,,
9925,07/20/16 03:00:00 PM,16.725,,,,
9926,07/20/16 03:15:00 PM,16.749,,,,
9927,07/20/16 03:30:00 PM,16.987,,,,
9928,07/20/16 03:45:00 PM,17.034,,,,
9929,07/20/16 04:00:00 PM,17.082,,,,
9930,07/20/16 04:15:00 PM,17.915,,,,
9931,07/20/16 04:30:00 PM,17.653,,,,
9932,07/20/16 04:45:00 PM,19.508,,,,
9933,07/20/16 05:00:00 PM,19.175,,,,
9934,07/20/16 05:15:00 PM,19.222,,,,
9935,07/20/16 05:30:00 PM,19.127,,,,
9936,07/20/16 05:45:00 PM,19.579,,,,
9937,07/20/16 06:00:00 PM,18.675,,,,
9938,07/20/16 06:15:00 PM,18.533,,,,
9939,07/20/16 06:30:00 PM,18.224,,,,
9940,07/20/16 06:45:00 PM,17.962,,,,
9941,07/20/16 07:00:00 PM,17.701,,,,
9942,07/20/16 07:15:00 PM,17.320,,,,
9943,07/20/16 07:30:00 PM,16.892,,,,
9944,07/20/16 07:45:00 PM,16.439,,,,
9945,07/20/16 08:00:00 PM,16.177,,,,
9946,07/20/16 08:15:00 PM,15.986,,,,
9947,07/20/16 08:30:00 PM,15.796,,,,
9948,07/20/16 08:45:00 PM,15.605,,,,
9949,07/20/16 09:00:00 PM,15.843,,,,
9950,07/20/16 09:15:00 PM,16.082,,,,
9951,07/20/16 09:30:00 PM,15.819,,,,
9952,07/20/16 09:45:00 PM,15.963,,,,
9953,07/20/16 10:00:00 PM,16.082,,,,
9954,07/20/16 10:15:00 PM,16.058,,,,
9955,07/20/16 10:30:00 PM,16.010,,,,
9956,07/20/16 10:45:00 PM,16.010,,,,
9957,07/20/16 11:00:00 PM,15.748,,,,
9958,07/20/16 11:15:00 PM,15.629,,,,
9959,07/20/16 11:30:00 PM,15.390,,,,
9960,07/20/16 11:45:00 PM,14.553,,,,
9961,07/21/16 12:00:00 AM,14.002,,,,
9962,07/21/16 12:15:00 AM,13.906,,,,
9963,07/21/16 12:30:00 AM,13.257,,,,
9964,07/21/16 12:45:00 AM,13.473,,,,
9965,07/21/16 01:00:00 AM,13.449,,,,
9966,07/21/16 01:15:00 AM,13.353,,,,
9967,07/21/16 01:30:00 AM,13.233,,,,
9968,07/21/16 01:45:00 AM,13.040,,,,
9969,07/21/16 02:00:00 AM,13.040,,,,
9970,07/21/16 02:15:00 AM,12.992,,,,
9971,07/21/16 02:30:00 AM,12.944,,,,
9972,07/21/16 02:45:00 AM,12.896,,,,
9973,07/21/16 03:00:00 AM,12.896,,,,
9974,07/21/16 03:15:00 AM,12.896,,,,
9975,07/21/16 03:30:00 AM,12.968,,,,
9976,07/21/16 03:45:00 AM,13.088,,,,
9977,07/21/16 04:00:00 AM,13.137,,,,
9978,07/21/16 04:15:00 AM,13.233,,,,
9979,07/21/16 04:30:00 AM,13.449,,,,
9980,07/21/16 04:45:00 AM,13.642,,,,
9981,07/21/16 05:00:00 AM,13.810,,,,
9982,07/21/16 05:15:00 AM,13.594,,,,
9983,07/21/16 05:30:00 AM,13.522,,,,
9984,07/21/16 05:45:00 AM,13.666,,,,
9985,07/21/16 06:00:00 AM,13.618,,,,
9986,07/21/16 06:15:00 AM,13.858,,,,
9987,07/21/16 06:30:00 AM,14.002,,,,
9988,07/21/16 06:45:00 AM,14.122,,,,
9989,07/21/16 07:00:00 AM,14.290,,,,
9990,07/21/16 07:15:00 AM,14.433,,,,
9991,07/21/16 07:30:00 AM,14.553,,,,
9992,07/21/16 07:45:00 AM,14.673,,,,
9993,07/21/16 08:00:00 AM,14.936,,,,
9994,07/21/16 08:15:00 AM,14.936,,,,
9995,07/21/16 08:30:00 AM,15.223,,,,
9996,07/21/16 08:45:00 AM,15.294,,,,
9997,07/21/16 09:00:00 AM,15.414,,,,
9998,07/21/16 09:15:00 AM,15.700,,,,
9999,07/21/16 09:30:00 AM,15.915,,,,
10000,07/21/16 09:45:00 AM,16.415,,,,
10001,07/21/16 10:00:00 AM,16.225,,,,
10002,07/21/16 10:15:00 AM,16.296,,,,
10003,07/21/16 10:30:00 AM,16.296,,,,
10004,07/21/16 10:45:00 AM,16.320,,,,
10005,07/21/16 11:00:00 AM,15.629,,,,
10006,07/21/16 11:15:00 AM,14.792,,,,
10007,07/21/16 11:30:00 AM,15.199,,,,
10008,07/21/16 11:45:00 AM,15.055,,,,
10009,07/21/16 12:00:00 PM,14.505,,,,
10010,07/21/16 12:15:00 PM,14.290,,,,
10011,07/21/16 12:30:00 PM,14.266,,,,
10012,07/21/16 12:45:00 PM,14.314,,,,
10013,07/21/16 01:00:00 PM,14.194,,,,
10014,07/21/16 01:15:00 PM,14.026,,,,
10015,07/21/16 01:30:00 PM,13.954,,,,
10016,07/21/16 01:45:00 PM,13.834,,,,
10017,07/21/16 02:00:00 PM,13.714,,,,
10018,07/21/16 02:15:00 PM,13.594,,,,
10019,07/21/16 02:30:00 PM,13.185,,,,
10020,07/21/16 02:45:00 PM,12.944,,,,
10021,07/21/16 03:00:00 PM,12.920,,,,
10022,07/21/16 03:15:00 PM,12.896,,,,
10023,07/21/16 03:30:00 PM,12.871,,,,
10024,07/21/16 03:45:00 PM,13.112,,,,
10025,07/21/16 04:00:00 PM,13.112,,,,
10026,07/21/16 04:15:00 PM,13.112,,,,
10027,07/21/16 04:30:00 PM,13.088,,,,
10028,07/21/16 04:45:00 PM,13.137,,,,
10029,07/21/16 05:00:00 PM,13.449,,,,
10030,07/21/16 05:15:00 PM,13.185,,,,
10031,07/21/16 05:30:00 PM,13.642,,,,
10032,07/21/16 05:45:00 PM,13.016,,,,
10033,07/21/16 06:00:00 PM,13.209,,,,
10034,07/21/16 06:15:00 PM,13.978,,,,
10035,07/21/16 06:30:00 PM,13.377,,,,
10036,07/21/16 06:45:00 PM,14.768,,,,
10037,07/21/16 07:00:00 PM,15.008,,,,
10038,07/21/16 07:15:00 PM,14.122,,,,
10039,07/21/16 07:30:00 PM,13.642,,,,
10040,07/21/16 07:45:00 PM,12.920,,,,
10041,07/21/16 08:00:00 PM,13.088,,,,
10042,07/21/16 08:15:00 PM,12.992,,,,
10043,07/21/16 08:30:00 PM,13.329,,,,
10044,07/21/16 08:45:00 PM,12.316,,,,
10045,07/21/16 09:00:00 PM,12.461,,,,
10046,07/21/16 09:15:00 PM,12.316,,,,
10047,07/21/16 09:30:00 PM,12.268,,,,
10048,07/21/16 09:45:00 PM,12.268,,,,
10049,07/21/16 10:00:00 PM,12.823,,,,
10050,07/21/16 10:15:00 PM,12.606,,,,
10051,07/21/16 10:30:00 PM,12.992,,,,
10052,07/21/16 10:45:00 PM,12.944,,,,
10053,07/21/16 11:00:00 PM,12.968,,,,
10054,07/21/16 11:15:00 PM,13.112,,,,
10055,07/21/16 11:30:00 PM,13.329,,,,
10056,07/21/16 11:45:00 PM,13.497,,,,
10057,07/22/16 12:00:00 AM,13.786,,,,
10058,07/22/16 12:15:00 AM,13.834,,,,
10059,07/22/16 12:30:00 AM,13.906,,,,
10060,07/22/16 12:45:00 AM,13.738,,,,
10061,07/22/16 01:00:00 AM,13.257,,,,
10062,07/22/16 01:15:00 AM,13.353,,,,
10063,07/22/16 01:30:00 AM,13.305,,,,
10064,07/22/16 01:45:00 AM,13.305,,,,
10065,07/22/16 02:00:00 AM,12.944,,,,
10066,07/22/16 02:15:00 AM,12.364,,,,
10067,07/22/16 02:30:00 AM,12.195,,,,
10068,07/22/16 02:45:00 AM,12.147,,,,
10069,07/22/16 03:00:00 AM,12.243,,,,
10070,07/22/16 03:15:00 AM,12.243,,,,
10071,07/22/16 03:30:00 AM,12.340,,,,
10072,07/22/16 03:45:00 AM,12.413,,,,
10073,07/22/16 04:00:00 AM,12.437,,,,
10074,07/22/16 04:15:00 AM,12.389,,,,
10075,07/22/16 04:30:00 AM,12.461,,,,
10076,07/22/16 04:45:00 AM,12.389,,,,
10077,07/22/16 05:00:00 AM,12.389,,,,
10078,07/22/16 05:15:00 AM,12.558,,,,
10079,07/22/16 05:30:00 AM,12.630,,,,
10080,07/22/16 05:45:00 AM,12.630,,,,
10081,07/22/16 06:00:00 AM,12.654,,,,
10082,07/22/16 06:15:00 AM,12.896,,,,
10083,07/22/16 06:30:00 AM,13.064,,,,
10084,07/22/16 06:45:00 AM,13.233,,,,
10085,07/22/16 07:00:00 AM,13.353,,,,
10086,07/22/16 07:15:00 AM,13.954,,,,
10087,07/22/16 07:30:00 AM,14.697,,,,
10088,07/22/16 07:45:00 AM,15.366,,,,
10089,07/22/16 08:00:00 AM,15.843,,,,
10090,07/22/16 08:15:00 AM,16.487,,,,
10091,07/22/16 08:30:00 AM,18.366,,,,
10092,07/22/16 08:45:00 AM,20.055,,,,
10093,07/22/16 09:00:00 AM,19.508,,,,
10094,07/22/16 09:15:00 AM,20.817,,,,
10095,07/22/16 09:30:00 AM,19.936,,,,
10096,07/22/16 09:45:00 AM,18.794,,,,
10097,07/22/16 10:00:00 AM,18.509,,,,
10098,07/22/16 10:15:00 AM,18.771,,,,
10099,07/22/16 10:30:00 AM,18.771,,,,
10100,07/22/16 10:45:00 AM,21.819,,,,
10101,07/22/16 11:00:00 AM,21.795,,,,
10102,07/22/16 11:15:00 AM,20.460,,,,
10103,07/22/16 11:30:00 AM,19.056,,,,
10104,07/22/16 11:45:00 AM,16.606,,,,
10105,07/22/16 12:00:00 PM,16.773,,,,
10106,07/22/16 12:15:00 PM,16.654,,,,
10107,07/22/16 12:30:00 PM,17.296,,,,
10108,07/22/16 12:45:00 PM,16.153,,,,
10109,07/22/16 01:00:00 PM,16.487,,,,
10110,07/22/16 01:15:00 PM,15.963,,,,
10111,07/22/16 01:30:00 PM,15.843,,,,
10112,07/22/16 01:45:00 PM,15.819,,,,
10113,07/22/16 02:00:00 PM,15.724,,,,
10114,07/22/16 02:15:00 PM,15.509,,,,
10115,07/22/16 02:30:00 PM,15.366,,,,
10116,07/22/16 02:45:00 PM,15.079,,,,
10117,07/22/16 03:00:00 PM,14.792,,,,
10118,07/22/16 03:15:00 PM,14.721,,,,
10119,07/22/16 03:30:00 PM,14.553,,,,
10120,07/22/16 03:45:00 PM,14.481,,,,
10121,07/22/16 04:00:00 PM,14.361,,,,
10122,07/22/16 04:15:00 PM,14.457,,,,
10123,07/22/16 04:30:00 PM,14.409,,,,
10124,07/22/16 04:45:00 PM,14.960,,,,
10125,07/22/16 05:00:00 PM,14.792,,,,
10126,07/22/16 05:15:00 PM,15.390,,,,
10127,07/22/16 05:30:00 PM,15.223,,,,
10128,07/22/16 05:45:00 PM,15.772,,,,
10129,07/22/16 06:00:00 PM,15.652,,,,
10130,07/22/16 06:15:00 PM,15.652,,,,
10131,07/22/16 06:30:00 PM,15.724,,,,
10132,07/22/16 06:45:00 PM,15.366,,,,
10133,07/22/16 07:00:00 PM,15.414,,,,
10134,07/22/16 07:15:00 PM,15.079,,,,
10135,07/22/16 07:30:00 PM,15.270,,,,
10136,07/22/16 07:45:00 PM,14.864,,,,
10137,07/22/16 08:00:00 PM,14.481,,,,
10138,07/22/16 08:15:00 PM,14.361,,,,
10139,07/22/16 08:30:00 PM,14.098,,,,
10140,07/22/16 08:45:00 PM,13.954,,,,
10141,07/22/16 09:00:00 PM,13.666,,,,
10142,07/22/16 09:15:00 PM,13.642,,,,
10143,07/22/16 09:30:00 PM,13.497,,,,
10144,07/22/16 09:45:00 PM,13.257,,,,
10145,07/22/16 10:00:00 PM,13.161,,,,
10146,07/22/16 10:15:00 PM,13.112,,,,
10147,07/22/16 10:30:00 PM,13.016,,,,
10148,07/22/16 10:45:00 PM,13.016,,,,
10149,07/22/16 11:00:00 PM,12.871,,,,
10150,07/22/16 11:15:00 PM,12.775,,,,
10151,07/22/16 11:30:00 PM,12.847,,,,
10152,07/22/16 11:45:00 PM,12.775,,,,
10153,07/23/16 12:00:00 AM,12.727,,,,
10154,07/23/16 12:15:00 AM,12.799,,,,
10155,07/23/16 12:30:00 AM,12.727,,,,
10156,07/23/16 12:45:00 AM,12.727,,,,
10157,07/23/16 01:00:00 AM,13.064,,,,
10158,07/23/16 01:15:00 AM,13.233,,,,
10159,07/23/16 01:30:00 AM,13.401,,,,
10160,07/23/16 01:45:00 AM,13.546,,,,
10161,07/23/16 02:00:00 AM,13.690,,,,
10162,07/23/16 02:15:00 AM,13.738,,,,
10163,07/23/16 02:30:00 AM,13.834,,,,
10164,07/23/16 02:45:00 AM,13.882,,,,
10165,07/23/16 03:00:00 AM,13.906,,,,
10166,07/23/16 03:15:00 AM,13.906,,,,
10167,07/23/16 03:30:00 AM,13.882,,,,
10168,07/23/16 03:45:00 AM,13.882,,,,
10169,07/23/16 04:00:00 AM,13.858,,,,
10170,07/23/16 04:15:00 AM,13.810,,,,
10171,07/23/16 04:30:00 AM,13.666,,,,
10172,07/23/16 04:45:00 AM,13.594,,,,
10173,07/23/16 05:00:00 AM,13.522,,,,
10174,07/23/16 05:15:00 AM,13.305,,,,
10175,07/23/16 05:30:00 AM,13.040,,,,
10176,07/23/16 05:45:00 AM,12.992,,,,
10177,07/23/16 06:00:00 AM,12.944,,,,
10178,07/23/16 06:15:00 AM,13.064,,,,
10179,07/23/16 06:30:00 AM,13.112,,,,
10180,07/23/16 06:45:00 AM,13.305,,,,
10181,07/23/16 07:00:00 AM,13.642,,,,
10182,07/23/16 07:15:00 AM,13.786,,,,
10183,07/23/16 07:30:00 AM,14.337,,,,
10184,07/23/16 07:45:00 AM,14.481,,,,
10185,07/23/16 08:00:00 AM,16.010,,,,
10186,07/23/16 08:15:00 AM,17.249,,,,
10187,07/23/16 08:30:00 AM,16.439,,,,
10188,07/23/16 08:45:00 AM,17.891,,,,
10189,07/23/16 09:00:00 AM,17.938,,,,
10190,07/23/16 09:15:00 AM,19.270,,,,
10191,07/23/16 09:30:00 AM,18.985,,,,
10192,07/23/16 09:45:00 AM,19.817,,,,
10193,07/23/16 10:00:00 AM,18.985,,,,
10194,07/23/16 10:15:00 AM,19.460,,,,
10195,07/23/16 10:30:00 AM,19.508,,,,
10196,07/23/16 10:45:00 AM,20.841,,,,
10197,07/23/16 11:00:00 AM,22.034,,,,
10198,07/23/16 11:15:00 AM,22.417,,,,
10199,07/23/16 11:30:00 AM,22.848,,,,
10200,07/23/16 11:45:00 AM,23.184,,,,
10201,07/23/16 12:00:00 PM,23.352,,,,
10202,07/23/16 12:15:00 PM,21.700,,,,
10203,07/23/16 12:30:00 PM,20.555,,,,
10204,07/23/16 12:45:00 PM,19.056,,,,
10205,07/23/16 01:00:00 PM,19.555,,,,
10206,07/23/16 01:15:00 PM,15.390,,,,
10207,07/23/16 01:30:00 PM,15.342,,,,
10208,07/23/16 01:45:00 PM,14.337,,,,
10209,07/23/16 02:00:00 PM,14.314,,,,
10210,07/23/16 02:15:00 PM,14.337,,,,
10211,07/23/16 02:30:00 PM,14.242,,,,
10212,07/23/16 02:45:00 PM,14.242,,,,
10213,07/23/16 03:00:00 PM,14.361,,,,
10214,07/23/16 03:15:00 PM,14.361,,,,
10215,07/23/16 03:30:00 PM,14.433,,,,
10216,07/23/16 03:45:00 PM,14.553,,,,
10217,07/23/16 04:00:00 PM,14.649,,,,
10218,07/23/16 04:15:00 PM,14.721,,,,
10219,07/23/16 04:30:00 PM,14.816,,,,
10220,07/23/16 04:45:00 PM,14.936,,,,
10221,07/23/16 05:00:00 PM,14.960,,,,
10222,07/23/16 05:15:00 PM,15.175,,,,
10223,07/23/16 05:30:00 PM,15.318,,,,
10224,07/23/16 05:45:00 PM,15.485,,,,
10225,07/23/16 06:00:00 PM,15.581,,,,
10226,07/23/16 06:15:00 PM,15.724,,,,
10227,07/23/16 06:30:00 PM,15.867,,,,
10228,07/23/16 06:45:00 PM,15.915,,,,
10229,07/23/16 07:00:00 PM,15.724,,,,
10230,07/23/16 07:15:00 PM,15.676,,,,
10231,07/23/16 07:30:00 PM,15.342,,,,
10232,07/23/16 07:45:00 PM,14.936,,,,
10233,07/23/16 08:00:00 PM,14.864,,,,
10234,07/23/16 08:15:00 PM,14.457,,,,
10235,07/23/16 08:30:00 PM,14.194,,,,
10236,07/23/16 08:45:00 PM,13.930,,,,
10237,07/23/16 09:00:00 PM,13.762,,,,
10238,07/23/16 09:15:00 PM,13.738,,,,
10239,07/23/16 09:30:00 PM,13.690,,,,
10240,07/23/16 09:45:00 PM,13.594,,,,
10241,07/23/16 10:00:00 PM,13.449,,,,
10242,07/23/16 10:15:00 PM,13.329,,,,
10243,07/23/16 10:30:00 PM,13.161,,,,
10244,07/23/16 10:45:00 PM,13.016,,,,
10245,07/23/16 11:00:00 PM,13.112,,,,
10246,07/23/16 11:15:00 PM,12.678,,,,
10247,07/23/16 11:30:00 PM,12.896,,,,
10248,07/23/16 11:45:00 PM,13.185,,,,
10249,07/24/16 12:00:00 AM,13.064,,,,
10250,07/24/16 12:15:00 AM,13.040,,,,
10251,07/24/16 12:30:00 AM,12.775,,,,
10252,07/24/16 12:45:00 AM,12.799,,,,
10253,07/24/16 01:00:00 AM,12.775,,,,
10254,07/24/16 01:15:00 AM,12.920,,,,
10255,07/24/16 01:30:00 AM,12.558,,,,
10256,07/24/16 01:45:00 AM,12.630,,,,
10257,07/24/16 02:00:00 AM,12.727,,,,
10258,07/24/16 02:15:00 AM,12.630,,,,
10259,07/24/16 02:30:00 AM,12.606,,,,
10260,07/24/16 02:45:00 AM,12.558,,,,
10261,07/24/16 03:00:00 AM,12.534,,,,
10262,07/24/16 03:15:00 AM,12.437,,,,
10263,07/24/16 03:30:00 AM,12.292,,,,
10264,07/24/16 03:45:00 AM,12.243,,,,
10265,07/24/16 04:00:00 AM,12.122,,,,
10266,07/24/16 04:15:00 AM,11.953,,,,
10267,07/24/16 04:30:00 AM,11.807,,,,
10268,07/24/16 04:45:00 AM,11.710,,,,
10269,07/24/16 05:00:00 AM,11.637,,,,
10270,07/24/16 05:15:00 AM,11.492,,,,
10271,07/24/16 05:30:00 AM,11.273,,,,
10272,07/24/16 05:45:00 AM,11.321,,,,
10273,07/24/16 06:00:00 AM,11.273,,,,
10274,07/24/16 06:15:00 AM,11.078,,,,
10275,07/24/16 06:30:00 AM,11.053,,,,
10276,07/24/16 06:45:00 AM,11.053,,,,
10277,07/24/16 07:00:00 AM,11.029,,,,
10278,07/24/16 07:15:00 AM,11.710,,,,
10279,07/24/16 07:30:00 AM,12.847,,,,
10280,07/24/16 07:45:00 AM,13.570,,,,
10281,07/24/16 08:00:00 AM,14.074,,,,
10282,07/24/16 08:15:00 AM,15.270,,,,
10283,07/24/16 08:30:00 AM,15.939,,,,
10284,07/24/16 08:45:00 AM,16.463,,,,
10285,07/24/16 09:00:00 AM,17.272,,,,
10286,07/24/16 09:15:00 AM,18.366,,,,
10287,07/24/16 09:30:00 AM,18.557,,,,
10288,07/24/16 09:45:00 AM,19.127,,,,
10289,07/24/16 10:00:00 AM,19.603,,,,
10290,07/24/16 10:15:00 AM,19.413,,,,
10291,07/24/16 10:30:00 AM,19.651,,,,
10292,07/24/16 10:45:00 AM,19.579,,,,
10293,07/24/16 11:00:00 AM,20.222,,,,
10294,07/24/16 11:15:00 AM,20.198,,,,
10295,07/24/16 11:30:00 AM,20.269,,,,
10296,07/24/16 11:45:00 AM,20.150,,,,
10297,07/24/16 12:00:00 PM,20.079,,,,
10298,07/24/16 12:15:00 PM,20.365,,,,
10299,07/24/16 12:30:00 PM,21.175,,,,
10300,07/24/16 12:45:00 PM,15.724,,,,
10301,07/24/16 01:00:00 PM,14.337,,,,
10302,07/24/16 01:15:00 PM,13.329,,,,
10303,07/24/16 01:30:00 PM,12.534,,,,
10304,07/24/16 01:45:00 PM,12.243,,,,
10305,07/24/16 02:00:00 PM,12.389,,,,
10306,07/24/16 02:15:00 PM,12.534,,,,
10307,07/24/16 02:30:00 PM,11.953,,,,
10308,07/24/16 02:45:00 PM,12.050,,,,
10309,07/24/16 03:00:00 PM,12.098,,,,
10310,07/24/16 03:15:00 PM,12.050,,,,
10311,07/24/16 03:30:00 PM,12.001,,,,
10312,07/24/16 03:45:00 PM,12.122,,,,
10313,07/24/16 04:00:00 PM,12.147,,,,
10314,07/24/16 04:15:00 PM,12.147,,,,
10315,07/24/16 04:30:00 PM,12.001,,,,
10316,07/24/16 04:45:00 PM,12.001,,,,
10317,07/24/16 05:00:00 PM,11.880,,,,
10318,07/24/16 05:15:00 PM,11.807,,,,
10319,07/24/16 05:30:00 PM,11.686,,,,
10320,07/24/16 05:45:00 PM,11.516,,,,
10321,07/24/16 06:00:00 PM,11.394,,,,
10322,07/24/16 06:15:00 PM,11.443,,,,
10323,07/24/16 06:30:00 PM,11.297,,,,
10324,07/24/16 06:45:00 PM,11.175,,,,
10325,07/24/16 07:00:00 PM,11.419,,,,
10326,07/24/16 07:15:00 PM,11.832,,,,
10327,07/24/16 07:30:00 PM,11.686,,,,
10328,07/24/16 07:45:00 PM,11.759,,,,
10329,07/24/16 08:00:00 PM,11.807,,,,
10330,07/24/16 08:15:00 PM,12.171,,,,
10331,07/24/16 08:30:00 PM,12.871,,,,
10332,07/24/16 08:45:00 PM,13.064,,,,
10333,07/24/16 09:00:00 PM,13.233,,,,
10334,07/24/16 09:15:00 PM,12.871,,,,
10335,07/24/16 09:30:00 PM,12.896,,,,
10336,07/24/16 09:45:00 PM,13.016,,,,
10337,07/24/16 10:00:00 PM,13.016,,,,
10338,07/24/16 10:15:00 PM,13.257,,,,
10339,07/24/16 10:30:00 PM,13.377,,,,
10340,07/24/16 10:45:00 PM,13.016,,,,
10341,07/24/16 11:00:00 PM,13.257,,,,
10342,07/24/16 11:15:00 PM,13.112,,,,
10343,07/24/16 11:30:00 PM,12.992,,,,
10344,07/24/16 11:45:00 PM,12.823,,,,
10345,07/25/16 12:00:00 AM,12.727,,,,
10346,07/25/16 12:15:00 AM,12.823,,,,
10347,07/25/16 12:30:00 AM,12.678,,,,
10348,07/25/16 12:45:00 AM,10.932,,,,
10349,07/25/16 01:00:00 AM,10.638,,,,
10350,07/25/16 01:15:00 AM,10.687,,,,
10351,07/25/16 01:30:00 AM,9.977,,,,
10352,07/25/16 01:45:00 AM,9.903,,,,
10353,07/25/16 02:00:00 AM,9.879,,,,
10354,07/25/16 02:15:00 AM,9.805,,,,
10355,07/25/16 02:30:00 AM,9.780,,,,
10356,07/25/16 02:45:00 AM,9.756,,,,
10357,07/25/16 03:00:00 AM,9.632,,,,
10358,07/25/16 03:15:00 AM,9.608,,,,
10359,07/25/16 03:30:00 AM,9.731,,,,
10360,07/25/16 03:45:00 AM,9.731,,,,
10361,07/25/16 04:00:00 AM,9.682,,,,
10362,07/25/16 04:15:00 AM,9.731,,,,
10363,07/25/16 04:30:00 AM,9.706,,,,
10364,07/25/16 04:45:00 AM,9.706,,,,
10365,07/25/16 05:00:00 AM,9.756,,,,
10366,07/25/16 05:15:00 AM,9.731,,,,
10367,07/25/16 05:30:00 AM,9.756,,,,
10368,07/25/16 05:45:00 AM,9.756,,,,
10369,07/25/16 06:00:00 AM,9.756,,,,
10370,07/25/16 06:15:00 AM,9.657,,,,
10371,07/25/16 06:30:00 AM,9.583,,,,
10372,07/25/16 06:45:00 AM,9.509,,,,
10373,07/25/16 07:00:00 AM,9.361,,,,
10374,07/25/16 07:15:00 AM,9.805,,,,
10375,07/25/16 07:30:00 AM,9.657,,,,
10376,07/25/16 07:45:00 AM,9.583,,,,
10377,07/25/16 08:00:00 AM,10.271,,,,
10378,07/25/16 08:15:00 AM,11.419,,,,
10379,07/25/16 08:30:00 AM,11.565,,,,
10380,07/25/16 08:45:00 AM,12.703,,,,
10381,07/25/16 09:00:00 AM,13.714,,,,
10382,07/25/16 09:15:00 AM,13.762,,,,
10383,07/25/16 09:30:00 AM,14.888,,,,
10384,07/25/16 09:45:00 AM,15.581,,,,
10385,07/25/16 10:00:00 AM,17.082,,,,
10386,07/25/16 10:15:00 AM,17.225,,,,
10387,07/25/16 10:30:00 AM,18.247,,,,
10388,07/25/16 10:45:00 AM,18.509,,,,
10389,07/25/16 11:00:00 AM,18.842,,,,
10390,07/25/16 11:15:00 AM,19.555,,,,
10391,07/25/16 11:30:00 AM,21.032,,,,
10392,07/25/16 11:45:00 AM,21.008,,,,
10393,07/25/16 12:00:00 PM,20.793,,,,
10394,07/25/16 12:15:00 PM,21.700,,,,
10395,07/25/16 12:30:00 PM,22.034,,,,
10396,07/25/16 12:45:00 PM,22.154,,,,
10397,07/25/16 01:00:00 PM,21.748,,,,
10398,07/25/16 01:15:00 PM,15.986,,,,
10399,07/25/16 01:30:00 PM,15.438,,,,
10400,07/25/16 01:45:00 PM,11.929,,,,
10401,07/25/16 02:00:00 PM,11.540,,,,
10402,07/25/16 02:15:00 PM,11.613,,,,
10403,07/25/16 02:30:00 PM,11.370,,,,
10404,07/25/16 02:45:00 PM,10.663,,,,
10405,07/25/16 03:00:00 PM,10.516,,,,
10406,07/25/16 03:15:00 PM,10.663,,,,
10407,07/25/16 03:30:00 PM,10.736,,,,
10408,07/25/16 03:45:00 PM,10.712,,,,
10409,07/25/16 04:00:00 PM,10.638,,,,
10410,07/25/16 04:15:00 PM,10.638,,,,
10411,07/25/16 04:30:00 PM,10.638,,,,
10412,07/25/16 04:45:00 PM,10.687,,,,
10413,07/25/16 05:00:00 PM,10.736,,,,
10414,07/25/16 05:15:00 PM,10.736,,,,
10415,07/25/16 05:30:00 PM,10.761,,,,
10416,07/25/16 05:45:00 PM,10.761,,,,
10417,07/25/16 06:00:00 PM,10.834,,,,
10418,07/25/16 06:15:00 PM,10.883,,,,
10419,07/25/16 06:30:00 PM,10.980,,,,
10420,07/25/16 06:45:00 PM,10.932,,,,
10421,07/25/16 07:00:00 PM,10.956,,,,
10422,07/25/16 07:15:00 PM,11.053,,,,
10423,07/25/16 07:30:00 PM,10.907,,,,
10424,07/25/16 07:45:00 PM,10.810,,,,
10425,07/25/16 08:00:00 PM,10.858,,,,
10426,07/25/16 08:15:00 PM,10.810,,,,
10427,07/25/16 08:30:00 PM,10.736,,,,
10428,07/25/16 08:45:00 PM,10.638,,,,
10429,07/25/16 09:00:00 PM,10.956,,,,
10430,07/25/16 09:15:00 PM,11.127,,,,
10431,07/25/16 09:30:00 PM,11.321,,,,
10432,07/25/16 09:45:00 PM,12.074,,,,
10433,07/25/16 10:00:00 PM,11.953,,,,
10434,07/25/16 10:15:00 PM,12.316,,,,
10435,07/25/16 10:30:00 PM,12.437,,,,
10436,07/25/16 10:45:00 PM,12.074,,,,
10437,07/25/16 11:00:00 PM,12.050,,,,
10438,07/25/16 11:15:00 PM,11.856,,,,
10439,07/25/16 11:30:00 PM,11.759,,,,
10440,07/25/16 11:45:00 PM,11.832,,,,
10441,07/26/16 12:00:00 AM,11.662,,,,
10442,07/26/16 12:15:00 AM,11.662,,,,
10443,07/26/16 12:30:00 AM,12.025,,,,
10444,07/26/16 12:45:00 AM,12.025,,,,
10445,07/26/16 01:00:00 AM,12.195,,,,
10446,07/26/16 01:15:00 AM,11.662,,,,
10447,07/26/16 01:30:00 AM,12.050,,,,
10448,07/26/16 01:45:00 AM,12.098,,,,
10449,07/26/16 02:00:00 AM,11.370,,,,
10450,07/26/16 02:15:00 AM,11.637,,,,
10451,07/26/16 02:30:00 AM,10.320,,,,
10452,07/26/16 02:45:00 AM,10.100,,,,
10453,07/26/16 03:00:00 AM,10.051,,,,
10454,07/26/16 03:15:00 AM,10.001,,,,
10455,07/26/16 03:30:00 AM,9.952,,,,
10456,07/26/16 03:45:00 AM,9.903,,,,
10457,07/26/16 04:00:00 AM,9.879,,,,
10458,07/26/16 04:15:00 AM,9.805,,,,
10459,07/26/16 04:30:00 AM,9.805,,,,
10460,07/26/16 04:45:00 AM,9.682,,,,
10461,07/26/16 05:00:00 AM,9.657,,,,
10462,07/26/16 05:15:00 AM,9.583,,,,
10463,07/26/16 05:30:00 AM,9.509,,,,
10464,07/26/16 05:45:00 AM,9.558,,,,
10465,07/26/16 06:00:00 AM,9.435,,,,
10466,07/26/16 06:15:00 AM,9.361,,,,
10467,07/26/16 06:30:00 AM,9.287,,,,
10468,07/26/16 06:45:00 AM,9.262,,,,
10469,07/26/16 07:00:00 AM,9.188,,,,
10470,07/26/16 07:15:00 AM,9.114,,,,
10471,07/26/16 07:30:00 AM,9.015,,,,
10472,07/26/16 07:45:00 AM,9.040,,,,
10473,07/26/16 08:00:00 AM,9.089,,,,
10474,07/26/16 08:15:00 AM,9.287,,,,
10475,07/26/16 08:30:00 AM,9.854,,,,
10476,07/26/16 08:45:00 AM,10.345,,,,
10477,07/26/16 09:00:00 AM,10.834,,,,
10478,07/26/16 09:15:00 AM,12.025,,,,
10479,07/26/16 09:30:00 AM,12.992,,,,
10480,07/26/16 09:45:00 AM,13.425,,,,
10481,07/26/16 10:00:00 AM,14.242,,,,
10482,07/26/16 10:15:00 AM,14.433,,,,
10483,07/26/16 10:30:00 AM,15.127,,,,
10484,07/26/16 10:45:00 AM,16.820,,,,
10485,07/26/16 11:00:00 AM,18.557,,,,
10486,07/26/16 11:15:00 AM,18.438,,,,
10487,07/26/16 11:30:00 AM,18.343,,,,
10488,07/26/16 11:45:00 AM,18.533,,,,
10489,07/26/16 12:00:00 PM,18.794,,,,
10490,07/26/16 12:15:00 PM,19.365,,,,
10491,07/26/16 12:30:00 PM,19.508,,,,
10492,07/26/16 12:45:00 PM,19.746,,,,
10493,07/26/16 01:00:00 PM,20.388,,,,
10494,07/26/16 01:15:00 PM,20.293,,,,
10495,07/26/16 01:30:00 PM,17.486,,,,
10496,07/26/16 01:45:00 PM,17.915,,,,
10497,07/26/16 02:00:00 PM,15.247,,,,
10498,07/26/16 02:15:00 PM,12.340,,,,
10499,07/26/16 02:30:00 PM,11.929,,,,
10500,07/26/16 02:45:00 PM,11.467,,,,
10501,07/26/16 03:00:00 PM,11.297,,,,
10502,07/26/16 03:15:00 PM,11.443,,,,
10503,07/26/16 03:30:00 PM,11.321,,,,
10504,07/26/16 03:45:00 PM,11.248,,,,
10505,07/26/16 04:00:00 PM,11.346,,,,
10506,07/26/16 04:15:00 PM,11.394,,,,
10507,07/26/16 04:30:00 PM,11.273,,,,
10508,07/26/16 04:45:00 PM,11.443,,,,
10509,07/26/16 05:00:00 PM,11.321,,,,
10510,07/26/16 05:15:00 PM,11.443,,,,
10511,07/26/16 05:30:00 PM,11.419,,,,
10512,07/26/16 05:45:00 PM,11.419,,,,
10513,07/26/16 06:00:00 PM,11.443,,,,
10514,07/26/16 06:15:00 PM,11.297,,,,
10515,07/26/16 06:30:00 PM,11.175,,,,
10516,07/26/16 06:45:00 PM,11.053,,,,
10517,07/26/16 07:00:00 PM,10.761,,,,
10518,07/26/16 07:15:00 PM,10.736,,,,
10519,07/26/16 07:30:00 PM,10.638,,,,
10520,07/26/16 07:45:00 PM,10.418,,,,
10521,07/26/16 08:00:00 PM,10.198,,,,
10522,07/26/16 08:15:00 PM,10.173,,,,
10523,07/26/16 08:30:00 PM,10.026,,,,
10524,07/26/16 08:45:00 PM,9.854,,,,
10525,07/26/16 09:00:00 PM,9.657,,,,
10526,07/26/16 09:15:00 PM,9.632,,,,
10527,07/26/16 09:30:00 PM,9.731,,,,
10528,07/26/16 09:45:00 PM,9.952,,,,
10529,07/26/16 10:00:00 PM,10.320,,,,
10530,07/26/16 10:15:00 PM,11.029,,,,
10531,07/26/16 10:30:00 PM,11.078,,,,
10532,07/26/16 10:45:00 PM,10.858,,,,
10533,07/26/16 11:00:00 PM,10.907,,,,
10534,07/26/16 11:15:00 PM,11.005,,,,
10535,07/26/16 11:30:00 PM,10.810,,,,
10536,07/26/16 11:45:00 PM,10.712,,,,
10537,07/27/16 12:00:00 AM,10.467,,,,
10538,07/27/16 12:15:00 AM,10.051,,,,
10539,07/27/16 12:30:00 AM,10.100,,,,
10540,07/27/16 12:45:00 AM,10.394,,,,
10541,07/27/16 01:00:00 AM,10.271,,,,
10542,07/27/16 01:15:00 AM,10.467,,,,
10543,07/27/16 01:30:00 AM,10.271,,,,
10544,07/27/16 01:45:00 AM,10.100,,,,
10545,07/27/16 02:00:00 AM,10.271,,,,
10546,07/27/16 02:15:00 AM,10.026,,,,
10547,07/27/16 02:30:00 AM,9.928,,,,
10548,07/27/16 02:45:00 AM,9.879,,,,
10549,07/27/16 03:00:00 AM,9.829,,,,
10550,07/27/16 03:15:00 AM,10.296,,,,
10551,07/27/16 03:30:00 AM,10.100,,,,
10552,07/27/16 03:45:00 AM,10.149,,,,
10553,07/27/16 04:00:00 AM,9.854,,,,
10554,07/27/16 04:15:00 AM,9.682,,,,
10555,07/27/16 04:30:00 AM,9.756,,,,
10556,07/27/16 04:45:00 AM,9.706,,,,
10557,07/27/16 05:00:00 AM,9.682,,,,
10558,07/27/16 05:15:00 AM,9.608,,,,
10559,07/27/16 05:30:00 AM,9.608,,,,
10560,07/27/16 05:45:00 AM,9.632,,,,
10561,07/27/16 06:00:00 AM,9.632,,,,
10562,07/27/16 06:15:00 AM,9.632,,,,
10563,07/27/16 06:30:00 AM,9.608,,,,
10564,07/27/16 06:45:00 AM,9.534,,,,
10565,07/27/16 07:00:00 AM,9.534,,,,
10566,07/27/16 07:15:00 AM,9.509,,,,
10567,07/27/16 07:30:00 AM,9.460,,,,
10568,07/27/16 07:45:00 AM,9.460,,,,
10569,07/27/16 08:00:00 AM,9.386,,,,
10570,07/27/16 08:15:00 AM,9.410,,,,
10571,07/27/16 08:30:00 AM,9.509,,,,
10572,07/27/16 08:45:00 AM,9.805,,,,
10573,07/27/16 09:00:00 AM,10.100,,,,
10574,07/27/16 09:15:00 AM,10.271,,,,
10575,07/27/16 09:30:00 AM,9.805,,,,
10576,07/27/16 09:45:00 AM,11.346,,,,
10577,07/27/16 10:00:00 AM,12.968,,,,
10578,07/27/16 10:15:00 AM,13.858,,,,
10579,07/27/16 10:30:00 AM,14.625,,,,
10580,07/27/16 10:45:00 AM,13.978,,,,
10581,07/27/16 11:00:00 AM,15.819,,,,
10582,07/27/16 11:15:00 AM,15.939,,,,
10583,07/27/16 11:30:00 AM,16.749,,,,
10584,07/27/16 11:45:00 AM,17.296,,,,
10585,07/27/16 12:00:00 PM,17.938,,,,
10586,07/27/16 12:15:00 PM,18.699,,,,
10587,07/27/16 12:30:00 PM,18.771,,,,
10588,07/27/16 12:45:00 PM,18.628,,,,
10589,07/27/16 01:00:00 PM,18.604,,,,
10590,07/27/16 01:15:00 PM,17.724,,,,
10591,07/27/16 01:30:00 PM,17.510,,,,
10592,07/27/16 01:45:00 PM,17.772,,,,
10593,07/27/16 02:00:00 PM,17.772,,,,
10594,07/27/16 02:15:00 PM,16.987,,,,
10595,07/27/16 02:30:00 PM,17.011,,,,
10596,07/27/16 02:45:00 PM,16.701,,,,
10597,07/27/16 03:00:00 PM,15.629,,,,
10598,07/27/16 03:15:00 PM,13.810,,,,
10599,07/27/16 03:30:00 PM,11.467,,,,
10600,07/27/16 03:45:00 PM,11.443,,,,
10601,07/27/16 04:00:00 PM,10.956,,,,
10602,07/27/16 04:15:00 PM,10.785,,,,
10603,07/27/16 04:30:00 PM,10.834,,,,
10604,07/27/16 04:45:00 PM,10.761,,,,
10605,07/27/16 05:00:00 PM,10.614,,,,
10606,07/27/16 05:15:00 PM,10.687,,,,
10607,07/27/16 05:30:00 PM,10.736,,,,
10608,07/27/16 05:45:00 PM,10.785,,,,
10609,07/27/16 06:00:00 PM,10.810,,,,
10610,07/27/16 06:15:00 PM,10.736,,,,
10611,07/27/16 06:30:00 PM,10.687,,,,
10612,07/27/16 06:45:00 PM,10.687,,,,
10613,07/27/16 07:00:00 PM,10.590,,,,
10614,07/27/16 07:15:00 PM,10.565,,,,
10615,07/27/16 07:30:00 PM,10.247,,,,
10616,07/27/16 07:45:00 PM,10.247,,,,
10617,07/27/16 08:00:00 PM,10.051,,,,
10618,07/27/16 08:15:00 PM,10.001,,,,
10619,07/27/16 08:30:00 PM,9.608,,,,
10620,07/27/16 08:45:00 PM,9.558,,,,
10621,07/27/16 09:00:00 PM,9.460,,,,
10622,07/27/16 09:15:00 PM,9.361,,,,
10623,07/27/16 09:30:00 PM,9.312,,,,
10624,07/27/16 09:45:00 PM,9.163,,,,
10625,07/27/16 10:00:00 PM,9.064,,,,
10626,07/27/16 10:15:00 PM,9.361,,,,
10627,07/27/16 10:30:00 PM,9.213,,,,
10628,07/27/16 10:45:00 PM,9.731,,,,
10629,07/27/16 11:00:00 PM,10.149,,,,
10630,07/27/16 11:15:00 PM,10.100,,,,
10631,07/27/16 11:30:00 PM,10.467,,,,
10632,07/27/16 11:45:00 PM,10.614,,,,
10633,07/28/16 12:00:00 AM,10.614,,,,
10634,07/28/16 12:15:00 AM,10.663,,,,
10635,07/28/16 12:30:00 AM,10.565,,,,
10636,07/28/16 12:45:00 AM,10.712,,,,
10637,07/28/16 01:00:00 AM,10.663,,,,
10638,07/28/16 01:15:00 AM,10.565,,,,
10639,07/28/16 01:30:00 AM,10.663,,,,
10640,07/28/16 01:45:00 AM,10.492,,,,
10641,07/28/16 02:00:00 AM,10.492,,,,
10642,07/28/16 02:15:00 AM,10.467,,,,
10643,07/28/16 02:30:00 AM,10.394,,,,
10644,07/28/16 02:45:00 AM,10.271,,,,
10645,07/28/16 03:00:00 AM,10.345,,,,
10646,07/28/16 03:15:00 AM,10.443,,,,
10647,07/28/16 03:30:00 AM,10.638,,,,
10648,07/28/16 03:45:00 AM,10.761,,,,
10649,07/28/16 04:00:00 AM,10.712,,,,
10650,07/28/16 04:15:00 AM,10.712,,,,
10651,07/28/16 04:30:00 AM,10.883,,,,
10652,07/28/16 04:45:00 AM,10.638,,,,
10653,07/28/16 05:00:00 AM,10.736,,,,
10654,07/28/16 05:15:00 AM,10.614,,,,
10655,07/28/16 05:30:00 AM,10.687,,,,
10656,07/28/16 05:45:00 AM,10.173,,,,
10657,07/28/16 06:00:00 AM,9.829,,,,
10658,07/28/16 06:15:00 AM,9.731,,,,
10659,07/28/16 06:30:00 AM,9.485,,,,
10660,07/28/16 06:45:00 AM,9.460,,,,
10661,07/28/16 07:00:00 AM,9.435,,,,
10662,07/28/16 07:15:00 AM,9.460,,,,
10663,07/28/16 07:30:00 AM,9.485,,,,
10664,07/28/16 07:45:00 AM,9.485,,,,
10665,07/28/16 08:00:00 AM,9.435,,,,
10666,07/28/16 08:15:00 AM,9.410,,,,
10667,07/28/16 08:30:00 AM,9.460,,,,
10668,07/28/16 08:45:00 AM,9.361,,,,
10669,07/28/16 09:00:00 AM,9.336,,,,
10670,07/28/16 09:15:00 AM,9.410,,,,
10671,07/28/16 09:30:00 AM,9.509,,,,
10672,07/28/16 09:45:00 AM,9.558,,,,
10673,07/28/16 10:00:00 AM,10.100,,,,
10674,07/28/16 10:15:00 AM,10.590,,,,
10675,07/28/16 10:30:00 AM,11.467,,,,
10676,07/28/16 10:45:00 AM,12.219,,,,
10677,07/28/16 11:00:00 AM,12.340,,,,
10678,07/28/16 11:15:00 AM,13.522,,,,
10679,07/28/16 11:30:00 AM,12.799,,,,
10680,07/28/16 11:45:00 AM,14.553,,,,
10681,07/28/16 12:00:00 PM,15.079,,,,
10682,07/28/16 12:15:00 PM,15.581,,,,
10683,07/28/16 12:30:00 PM,16.368,,,,
10684,07/28/16 12:45:00 PM,16.820,,,,
10685,07/28/16 01:00:00 PM,16.487,,,,
10686,07/28/16 01:15:00 PM,16.034,,,,
10687,07/28/16 01:30:00 PM,15.915,,,,
10688,07/28/16 01:45:00 PM,15.915,,,,
10689,07/28/16 02:00:00 PM,15.915,,,,
10690,07/28/16 02:15:00 PM,15.772,,,,
10691,07/28/16 02:30:00 PM,15.461,,,,
10692,07/28/16 02:45:00 PM,14.816,,,,
10693,07/28/16 03:00:00 PM,15.079,,,,
10694,07/28/16 03:15:00 PM,15.008,,,,
10695,07/28/16 03:30:00 PM,14.984,,,,
10696,07/28/16 03:45:00 PM,14.002,,,,
10697,07/28/16 04:00:00 PM,13.040,,,,
10698,07/28/16 04:15:00 PM,11.807,,,,
10699,07/28/16 04:30:00 PM,11.370,,,,
10700,07/28/16 04:45:00 PM,10.883,,,,
10701,07/28/16 05:00:00 PM,11.005,,,,
10702,07/28/16 05:15:00 PM,10.883,,,,
10703,07/28/16 05:30:00 PM,10.932,,,,
10704,07/28/16 05:45:00 PM,10.883,,,,
10705,07/28/16 06:00:00 PM,10.834,,,,
10706,07/28/16 06:15:00 PM,10.883,,,,
10707,07/28/16 06:30:00 PM,10.883,,,,
10708,07/28/16 06:45:00 PM,10.810,,,,
10709,07/28/16 07:00:00 PM,10.858,,,,
10710,07/28/16 07:15:00 PM,10.736,,,,
10711,07/28/16 07:30:00 PM,10.687,,,,
10712,07/28/16 07:45:00 PM,10.492,,,,
10713,07/28/16 08:00:00 PM,10.345,,,,
10714,07/28/16 08:15:00 PM,10.100,,,,
10715,07/28/16 08:30:00 PM,10.001,,,,
10716,07/28/16 08:45:00 PM,9.928,,,,
10717,07/28/16 09:00:00 PM,9.756,,,,
10718,07/28/16 09:15:00 PM,9.534,,,,
10719,07/28/16 09:30:00 PM,9.460,,,,
10720,07/28/16 09:45:00 PM,9.336,,,,
10721,07/28/16 10:00:00 PM,9.213,,,,
10722,07/28/16 10:15:00 PM,9.064,,,,
10723,07/28/16 10:30:00 PM,9.015,,,,
10724,07/28/16 10:45:00 PM,8.916,,,,
10725,07/28/16 11:00:00 PM,8.866,,,,
10726,07/28/16 11:15:00 PM,9.262,,,,
10727,07/28/16 11:30:00 PM,9.583,,,,
10728,07/28/16 11:45:00 PM,10.124,,,,
10729,07/29/16 12:00:00 AM,10.173,,,,
10730,07/29/16 12:15:00 AM,9.977,,,,
10731,07/29/16 12:30:00 AM,10.247,,,,
10732,07/29/16 12:45:00 AM,10.761,,,,
10733,07/29/16 01:00:00 AM,10.785,,,,
10734,07/29/16 01:15:00 AM,11.297,,,,
10735,07/29/16 01:30:00 AM,11.151,,,,
10736,07/29/16 01:45:00 AM,10.761,,,,
10737,07/29/16 02:00:00 AM,10.663,,,,
10738,07/29/16 02:15:00 AM,10.858,,,,
10739,07/29/16 02:30:00 AM,10.785,,,,
10740,07/29/16 02:45:00 AM,10.980,,,,
10741,07/29/16 03:00:00 AM,10.932,,,,
10742,07/29/16 03:15:00 AM,10.907,,,,
10743,07/29/16 03:30:00 AM,10.663,,,,
10744,07/29/16 03:45:00 AM,10.736,,,,
10745,07/29/16 04:00:00 AM,11.102,,,,
10746,07/29/16 04:15:00 AM,11.151,,,,
10747,07/29/16 04:30:00 AM,10.932,,,,
10748,07/29/16 04:45:00 AM,10.858,,,,
10749,07/29/16 05:00:00 AM,10.858,,,,
10750,07/29/16 05:15:00 AM,10.980,,,,
10751,07/29/16 05:30:00 AM,10.761,,,,
10752,07/29/16 05:45:00 AM,10.834,,,,
10753,07/29/16 06:00:00 AM,10.932,,,,
10754,07/29/16 06:15:00 AM,11.175,,,,
10755,07/29/16 06:30:00 AM,10.907,,,,
10756,07/29/16 06:45:00 AM,10.492,,,,
10757,07/29/16 07:00:00 AM,10.590,,,,
10758,07/29/16 07:15:00 AM,10.051,,,,
10759,07/29/16 07:30:00 AM,9.805,,,,
10760,07/29/16 07:45:00 AM,9.780,,,,
10761,07/29/16 08:00:00 AM,9.682,,,,
10762,07/29/16 08:15:00 AM,9.657,,,,
10763,07/29/16 08:30:00 AM,9.706,,,,
10764,07/29/16 08:45:00 AM,9.854,,,,
10765,07/29/16 09:00:00 AM,9.608,,,,
10766,07/29/16 09:15:00 AM,9.682,,,,
10767,07/29/16 09:30:00 AM,9.583,,,,
10768,07/29/16 09:45:00 AM,9.534,,,,
10769,07/29/16 10:00:00 AM,9.608,,,,
10770,07/29/16 10:15:00 AM,9.608,,,,
10771,07/29/16 10:30:00 AM,9.534,,,,
10772,07/29/16 10:45:00 AM,9.534,,,,
10773,07/29/16 11:00:00 AM,9.534,,,,
10774,07/29/16 11:15:00 AM,9.682,,,,
10775,07/29/16 11:30:00 AM,9.756,,,,
10776,07/29/16 11:45:00 AM,10.271,,,,
10777,07/29/16 12:00:00 PM,10.687,,,,
10778,07/29/16 12:15:00 PM,11.273,,,,
10779,07/29/16 12:30:00 PM,12.243,,,,
10780,07/29/16 12:45:00 PM,13.112,,,,
10781,07/29/16 01:00:00 PM,12.847,,,,
10782,07/29/16 01:15:00 PM,13.858,,,,
10783,07/29/16 01:30:00 PM,14.601,,,,
10784,07/29/16 01:45:00 PM,14.625,,,,
10785,07/29/16 02:00:00 PM,14.912,,,,
10786,07/29/16 02:15:00 PM,14.337,,,,
10787,07/29/16 02:30:00 PM,14.673,,,,
10788,07/29/16 02:45:00 PM,14.721,,,,
10789,07/29/16 03:00:00 PM,14.505,,,,
10790,07/29/16 03:15:00 PM,14.721,,,,
10791,07/29/16 03:30:00 PM,14.194,,,,
10792,07/29/16 03:45:00 PM,14.314,,,,
10793,07/29/16 04:00:00 PM,14.505,,,,
10794,07/29/16 04:15:00 PM,12.896,,,,
10795,07/29/16 04:30:00 PM,12.098,,,,
10796,07/29/16 04:45:00 PM,12.171,,,,
10797,07/29/16 05:00:00 PM,11.467,,,,
10798,07/29/16 05:15:00 PM,11.467,,,,
10799,07/29/16 05:30:00 PM,10.394,,,,
10800,07/29/16 05:45:00 PM,10.320,,,,
10801,07/29/16 06:00:00 PM,10.345,,,,
10802,07/29/16 06:15:00 PM,10.320,,,,
10803,07/29/16 06:30:00 PM,10.296,,,,
10804,07/29/16 06:45:00 PM,10.271,,,,
10805,07/29/16 07:00:00 PM,10.271,,,,
10806,07/29/16 07:15:00 PM,10.247,,,,
10807,07/29/16 07:30:00 PM,10.124,,,,
10808,07/29/16 07:45:00 PM,10.198,,,,
10809,07/29/16 08:00:00 PM,10.026,,,,
10810,07/29/16 08:15:00 PM,9.928,,,,
10811,07/29/16 08:30:00 PM,9.682,,,,
10812,07/29/16 08:45:00 PM,9.460,,,,
10813,07/29/16 09:00:00 PM,9.312,,,,
10814,07/29/16 09:15:00 PM,9.262,,,,
10815,07/29/16 09:30:00 PM,9.089,,,,
10816,07/29/16 09:45:00 PM,9.089,,,,
10817,07/29/16 10:00:00 PM,8.965,,,,
10818,07/29/16 10:15:00 PM,8.916,,,,
10819,07/29/16 10:30:00 PM,8.866,,,,
10820,07/29/16 10:45:00 PM,8.841,,,,
10821,07/29/16 11:00:00 PM,8.767,,,,
10822,07/29/16 11:15:00 PM,8.792,,,,
10823,07/29/16 11:30:00 PM,8.742,,,,
10824,07/29/16 11:45:00 PM,8.693,,,,
10825,07/30/16 12:00:00 AM,8.717,,,,
10826,07/30/16 12:15:00 AM,8.817,,,,
10827,07/30/16 12:30:00 AM,8.916,,,,
10828,07/30/16 12:45:00 AM,9.879,,,,
10829,07/30/16 01:00:00 AM,10.296,,,,
10830,07/30/16 01:15:00 AM,10.712,,,,
10831,07/30/16 01:30:00 AM,10.761,,,,
10832,07/30/16 01:45:00 AM,11.127,,,,
10833,07/30/16 02:00:00 AM,11.102,,,,
10834,07/30/16 02:15:00 AM,10.907,,,,
10835,07/30/16 02:30:00 AM,10.565,,,,
10836,07/30/16 02:45:00 AM,10.858,,,,
10837,07/30/16 03:00:00 AM,11.710,,,,
10838,07/30/16 03:15:00 AM,11.321,,,,
10839,07/30/16 03:30:00 AM,11.394,,,,
10840,07/30/16 03:45:00 AM,11.321,,,,
10841,07/30/16 04:00:00 AM,11.248,,,,
10842,07/30/16 04:15:00 AM,11.297,,,,
10843,07/30/16 04:30:00 AM,11.516,,,,
10844,07/30/16 04:45:00 AM,11.419,,,,
10845,07/30/16 05:00:00 AM,11.540,,,,
10846,07/30/16 05:15:00 AM,10.980,,,,
10847,07/30/16 05:30:00 AM,11.078,,,,
10848,07/30/16 05:45:00 AM,11.029,,,,
10849,07/30/16 06:00:00 AM,10.810,,,,
10850,07/30/16 06:15:00 AM,11.005,,,,
10851,07/30/16 06:30:00 AM,11.127,,,,
10852,07/30/16 06:45:00 AM,11.297,,,,
10853,07/30/16 07:00:00 AM,11.321,,,,
10854,07/30/16 07:15:00 AM,11.029,,,,
10855,07/30/16 07:30:00 AM,11.346,,,,
10856,07/30/16 07:45:00 AM,10.541,,,,
10857,07/30/16 08:00:00 AM,10.443,,,,
10858,07/30/16 08:15:00 AM,9.903,,,,
10859,07/30/16 08:30:00 AM,9.657,,,,
10860,07/30/16 08:45:00 AM,9.706,,,,
10861,07/30/16 09:00:00 AM,9.657,,,,
10862,07/30/16 09:15:00 AM,9.534,,,,
10863,07/30/16 09:30:00 AM,9.558,,,,
10864,07/30/16 09:45:00 AM,9.460,,,,
10865,07/30/16 10:00:00 AM,9.435,,,,
10866,07/30/16 10:15:00 AM,9.435,,,,
10867,07/30/16 10:30:00 AM,9.361,,,,
10868,07/30/16 10:45:00 AM,9.361,,,,
10869,07/30/16 11:00:00 AM,9.361,,,,
10870,07/30/16 11:15:00 AM,9.361,,,,
10871,07/30/16 11:30:00 AM,9.386,,,,
10872,07/30/16 11:45:00 AM,9.386,,,,
10873,07/30/16 12:00:00 PM,9.410,,,,
10874,07/30/16 12:15:00 PM,9.460,,,,
10875,07/30/16 12:30:00 PM,9.534,,,,
10876,07/30/16 12:45:00 PM,9.583,,,,
10877,07/30/16 01:00:00 PM,9.657,,,,
10878,07/30/16 01:15:00 PM,9.731,,,,
10879,07/30/16 01:30:00 PM,10.075,,,,
10880,07/30/16 01:45:00 PM,10.075,,,,
10881,07/30/16 02:00:00 PM,10.149,,,,
10882,07/30/16 02:15:00 PM,11.394,,,,
10883,07/30/16 02:30:00 PM,11.151,,,,
10884,07/30/16 02:45:00 PM,11.929,,,,
10885,07/30/16 03:00:00 PM,11.977,,,,
10886,07/30/16 03:15:00 PM,12.847,,,,
10887,07/30/16 03:30:00 PM,11.175,,,,
10888,07/30/16 03:45:00 PM,11.783,,,,
10889,07/30/16 04:00:00 PM,11.710,,,,
10890,07/30/16 04:15:00 PM,12.437,,,,
10891,07/30/16 04:30:00 PM,11.832,,,,
10892,07/30/16 04:45:00 PM,11.346,,,,
10893,07/30/16 05:00:00 PM,11.759,,,,
10894,07/30/16 05:15:00 PM,11.127,,,,
10895,07/30/16 05:30:00 PM,10.956,,,,
10896,07/30/16 05:45:00 PM,10.565,,,,
10897,07/30/16 06:00:00 PM,10.492,,,,
10898,07/30/16 06:15:00 PM,10.565,,,,
10899,07/30/16 06:30:00 PM,10.467,,,,
10900,07/30/16 06:45:00 PM,10.516,,,,
10901,07/30/16 07:00:00 PM,10.443,,,,
10902,07/30/16 07:15:00 PM,10.369,,,,
10903,07/30/16 07:30:00 PM,10.271,,,,
10904,07/30/16 07:45:00 PM,10.124,,,,
10905,07/30/16 08:00:00 PM,10.001,,,,
10906,07/30/16 08:15:00 PM,9.854,,,,
10907,07/30/16 08:30:00 PM,9.829,,,,
10908,07/30/16 08:45:00 PM,9.731,,,,
10909,07/30/16 09:00:00 PM,9.706,,,,
10910,07/30/16 09:15:00 PM,9.632,,,,
10911,07/30/16 09:30:00 PM,9.608,,,,
10912,07/30/16 09:45:00 PM,9.509,,,,
10913,07/30/16 10:00:00 PM,9.460,,,,
10914,07/30/16 10:15:00 PM,9.435,,,,
10915,07/30/16 10:30:00 PM,9.361,,,,
10916,07/30/16 10:45:00 PM,9.287,,,,
10917,07/30/16 11:00:00 PM,9.262,,,,
10918,07/30/16 11:15:00 PM,9.213,,,,
10919,07/30/16 11:30:00 PM,9.139,,,,
10920,07/30/16 11:45:00 PM,9.114,,,,
10921,07/31/16 12:00:00 AM,9.040,,,,
10922,07/31/16 12:15:00 AM,9.064,,,,
10923,07/31/16 12:30:00 AM,9.040,,,,
10924,07/31/16 12:45:00 AM,9.040,,,,
10925,07/31/16 01:00:00 AM,9.064,,,,
10926,07/31/16 01:15:00 AM,9.089,,,,
10927,07/31/16 01:30:00 AM,9.213,,,,
10928,07/31/16 01:45:00 AM,9.435,,,,
10929,07/31/16 02:00:00 AM,9.706,,,,
10930,07/31/16 02:15:00 AM,10.173,,,,
10931,07/31/16 02:30:00 AM,9.977,,,,
10932,07/31/16 02:45:00 AM,9.756,,,,
10933,07/31/16 03:00:00 AM,9.632,,,,
10934,07/31/16 03:15:00 AM,9.706,,,,
10935,07/31/16 03:30:00 AM,9.534,,,,
10936,07/31/16 03:45:00 AM,9.731,,,,
10937,07/31/16 04:00:00 AM,10.467,,,,
10938,07/31/16 04:15:00 AM,10.075,,,,
10939,07/31/16 04:30:00 AM,9.928,,,,
10940,07/31/16 04:45:00 AM,9.952,,,,
10941,07/31/16 05:00:00 AM,10.149,,,,
10942,07/31/16 05:15:00 AM,10.026,,,,
10943,07/31/16 05:30:00 AM,9.903,,,,
10944,07/31/16 05:45:00 AM,9.608,,,,
10945,07/31/16 06:00:00 AM,10.810,,,,
10946,07/31/16 06:15:00 AM,10.663,,,,
10947,07/31/16 06:30:00 AM,10.124,,,,
10948,07/31/16 06:45:00 AM,10.222,,,,
10949,07/31/16 07:00:00 AM,10.492,,,,
10950,07/31/16 07:15:00 AM,11.224,,,,
10951,07/31/16 07:30:00 AM,12.001,,,,
10952,07/31/16 07:45:00 AM,12.001,,,,
10953,07/31/16 08:00:00 AM,12.292,,,,
10954,07/31/16 08:15:00 AM,12.316,,,,
10955,07/31/16 08:30:00 AM,11.248,,,,
10956,07/31/16 08:45:00 AM,11.321,,,,
10957,07/31/16 09:00:00 AM,10.369,,,,
10958,07/31/16 09:15:00 AM,10.222,,,,
10959,07/31/16 09:30:00 AM,10.124,,,,
10960,07/31/16 09:45:00 AM,9.952,,,,
10961,07/31/16 10:00:00 AM,9.780,,,,
10962,07/31/16 10:15:00 AM,9.756,,,,
10963,07/31/16 10:30:00 AM,9.608,,,,
10964,07/31/16 10:45:00 AM,9.583,,,,
10965,07/31/16 11:00:00 AM,9.608,,,,
10966,07/31/16 11:15:00 AM,9.558,,,,
10967,07/31/16 11:30:00 AM,9.558,,,,
10968,07/31/16 11:45:00 AM,9.608,,,,
10969,07/31/16 12:00:00 PM,9.608,,,,
10970,07/31/16 12:15:00 PM,9.608,,,,
10971,07/31/16 12:30:00 PM,9.534,,,,
10972,07/31/16 12:45:00 PM,9.657,,,,
10973,07/31/16 01:00:00 PM,9.706,,,,
10974,07/31/16 01:15:00 PM,9.756,,,,
10975,07/31/16 01:30:00 PM,9.731,,,,
10976,07/31/16 01:45:00 PM,9.805,,,,
10977,07/31/16 02:00:00 PM,10.051,,,,
10978,07/31/16 02:15:00 PM,10.173,,,,
10979,07/31/16 02:30:00 PM,10.198,,,,
10980,07/31/16 02:45:00 PM,10.980,,,,
10981,07/31/16 03:00:00 PM,11.029,,,,
10982,07/31/16 03:15:00 PM,11.783,,,,
10983,07/31/16 03:30:00 PM,13.401,,,,
10984,07/31/16 03:45:00 PM,12.847,,,,
10985,07/31/16 04:00:00 PM,15.151,,,,
10986,07/31/16 04:15:00 PM,14.074,,,,
10987,07/31/16 04:30:00 PM,15.175,,,,
10988,07/31/16 04:45:00 PM,15.819,,,,
10989,07/31/16 05:00:00 PM,14.505,,,,
10990,07/31/16 05:15:00 PM,14.673,,,,
10991,07/31/16 05:30:00 PM,12.944,,,,
10992,07/31/16 05:45:00 PM,14.146,,,,
10993,07/31/16 06:00:00 PM,13.209,,,,
10994,07/31/16 06:15:00 PM,11.151,,,,
10995,07/31/16 06:30:00 PM,11.029,,,,
10996,07/31/16 06:45:00 PM,10.271,,,,
10997,07/31/16 07:00:00 PM,10.173,,,,
10998,07/31/16 07:15:00 PM,9.952,,,,
10999,07/31/16 07:30:00 PM,9.903,,,,
11000,07/31/16 07:45:00 PM,9.928,,,,
11001,07/31/16 08:00:00 PM,9.928,,,,
11002,07/31/16 08:15:00 PM,9.903,,,,
11003,07/31/16 08:30:00 PM,9.952,,,,
11004,07/31/16 08:45:00 PM,9.903,,,,
11005,07/31/16 09:00:00 PM,10.051,,,,
11006,07/31/16 09:15:00 PM,10.075,,,,
11007,07/31/16 09:30:00 PM,10.124,,,,
11008,07/31/16 09:45:00 PM,10.173,,,,
11009,07/31/16 10:00:00 PM,10.173,,,,
11010,07/31/16 10:15:00 PM,10.173,,,,
11011,07/31/16 10:30:00 PM,9.928,,,,
11012,07/31/16 10:45:00 PM,10.001,,,,
11013,07/31/16 11:00:00 PM,9.534,,,,
11014,07/31/16 11:15:00 PM,9.534,,,,
11015,07/31/16 11:30:00 PM,9.410,,,,
11016,07/31/16 11:45:00 PM,9.509,,,,
11017,08/01/16 12:00:00 AM,9.163,,,,
11018,08/01/16 12:15:00 AM,9.064,,,,
11019,08/01/16 12:30:00 AM,9.064,,,,
11020,08/01/16 12:45:00 AM,8.965,,,,
11021,08/01/16 01:00:00 AM,8.916,,,,
11022,08/01/16 01:15:00 AM,8.891,,,,
11023,08/01/16 01:30:00 AM,8.817,,,,
11024,08/01/16 01:45:00 AM,8.693,,,,
11025,08/01/16 02:00:00 AM,8.568,,,,
11026,08/01/16 02:15:00 AM,8.543,,,,
11027,08/01/16 02:30:00 AM,8.618,,,,
11028,08/01/16 02:45:00 AM,8.866,,,,
11029,08/01/16 03:00:00 AM,8.618,,,,
11030,08/01/16 03:15:00 AM,8.419,,,,
11031,08/01/16 03:30:00 AM,8.295,,,,
11032,08/01/16 03:45:00 AM,8.344,,,,
11033,08/01/16 04:00:00 AM,8.767,,,,
11034,08/01/16 04:15:00 AM,9.089,,,,
11035,08/01/16 04:30:00 AM,9.015,,,,
11036,08/01/16 04:45:00 AM,9.509,,,,
11037,08/01/16 05:00:00 AM,9.015,,,,
11038,08/01/16 05:15:00 AM,9.657,,,,
11039,08/01/16 05:30:00 AM,9.682,,,,
11040,08/01/16 05:45:00 AM,9.928,,,,
11041,08/01/16 06:00:00 AM,10.198,,,,
11042,08/01/16 06:15:00 AM,10.394,,,,
11043,08/01/16 06:30:00 AM,10.638,,,,
11044,08/01/16 06:45:00 AM,10.736,,,,
11045,08/01/16 06:54:22 AM,,,Logged,,
11046,08/01/16 06:54:27 AM,,,,Logged,Logged
